DEPTH	BHC	CLI	GR	LLD	LLS	MLL	NPHI	PEF	RHOB	SP
1500	-999.25	12.002	75.498	0.591	0.659	1.022	0.3186	-999.25	-999.25	15.681
1500.125	-999.25	12.061	72.675	0.593	0.662	1.0545	0.32185	-999.25	-999.25	15.791
1500.25	118.76	12.12	69.852	0.595	0.665	1.087	0.3251	2.465	2.189	15.901
1500.375	119	11.7625	71.266	0.615	0.657	1.1385	0.3272	2.4835	2.2035	15.902
1500.5	119.24	11.405	72.68	0.635	0.649	1.19	0.3293	2.502	2.218	15.903
1500.625	118.52	11.319	76.667	0.6125	0.654	1.281	0.33745	2.455	2.2275	15.881
1500.75	117.8	11.233	80.654	0.59	0.659	1.372	0.3456	2.408	2.237	15.859
1500.875	117.72	11.698	82.538	0.5915	0.6545	1.2255	0.3453	2.3815	2.24	15.837
1501	117.64	12.163	84.422	0.593	0.65	1.079	0.345	2.355	2.243	15.815
1501.125	117.83	11.623	84.66	0.614	0.679	1.2055	0.3363	2.5045	2.2505	15.793
1501.25	118.02	11.083	84.898	0.635	0.708	1.332	0.3276	2.654	2.258	15.771
1501.375	116.175	10.8815	78.8455	0.664	0.771	1.222	0.3228	2.7155	2.281	15.7805
1501.5	114.33	10.68	72.793	0.693	0.834	1.112	0.318	2.777	2.304	15.79
1501.625	111.84	9.7825	72.737	0.7675	0.8705	1.554	0.3242	2.7095	2.2805	15.803
1501.75	109.35	8.885	72.681	0.842	0.907	1.996	0.3304	2.642	2.257	15.816
1501.875	108.355	9.404	74.7575	0.888	0.911	1.721	0.33745	2.4925	2.2515	15.7545
1502	107.36	9.923	76.834	0.934	0.915	1.446	0.3445	2.343	2.246	15.693
1502.125	109.025	10.0555	75.4435	0.866	0.8945	1.392	0.32895	2.3515	2.2765	15.632
1502.25	110.69	10.188	74.053	0.798	0.874	1.338	0.3134	2.36	2.307	15.571
1502.375	111.48	9.9215	72.827	0.8005	0.8775	1.413	0.3226	2.3355	2.342	15.51
1502.5	112.27	9.655	71.601	0.803	0.881	1.488	0.3318	2.311	2.377	15.449
1502.625	112.41	10.131	72.4215	0.834	0.8845	1.446	0.32285	2.2375	2.3175	15.388
1502.75	112.55	10.607	73.242	0.865	0.888	1.404	0.3139	2.164	2.258	15.327
1502.875	109.88	10.748	72.321	0.8975	0.898	1.278	0.322	2.258	2.1645	15.266
1503	107.21	10.889	71.4	0.93	0.908	1.152	0.3301	2.352	2.071	15.205
1503.125	110.84	11.006	72.056	0.92	0.881	1.209	0.3387	2.4905	2.1785	15.2095
1503.25	114.47	11.123	72.712	0.91	0.854	1.266	0.3473	2.629	2.286	15.214
1503.375	116.295	11.217	73.828	0.821	0.8395	1.309	0.32475	2.65	2.308	15.199
1503.5	118.12	11.311	74.944	0.732	0.825	1.352	0.3022	2.671	2.33	15.184
1503.625	118.305	11.236	74.0605	0.698	0.8095	1.377	0.30885	2.7365	2.327	15.169
1503.75	118.49	11.161	73.177	0.664	0.794	1.402	0.3155	2.802	2.324	15.154
1503.875	118.165	11.2855	73.1995	0.665	0.787	1.3895	0.33515	2.6545	2.292	15.139
1504	117.84	11.41	73.222	0.666	0.78	1.377	0.3548	2.507	2.26	15.124
1504.125	117.81	11.2605	72.618	0.673	0.784	1.326	0.35605	2.4105	2.258	15.1095
1504.25	117.78	11.111	72.014	0.68	0.788	1.275	0.3573	2.314	2.256	15.095
1504.375	117.89	10.7915	71.6465	0.696	0.812	1.316	0.35605	2.3625	2.267	15.1475
1504.5	118	10.472	71.279	0.712	0.836	1.357	0.3548	2.411	2.278	15.2
1504.625	117.015	10.5225	72.6655	0.747	0.887	1.3165	0.3163	2.397	2.301	15.344
1504.75	116.03	10.573	74.052	0.782	0.938	1.276	0.2778	2.383	2.324	15.488
1504.875	114.79	10.0235	68.1105	0.8395	0.965	1.6855	0.2648	2.313	2.3105	15.6325
1505	113.55	9.474	62.169	0.897	0.992	2.095	0.2518	2.243	2.297	15.777
1505.125	106.5385	9.5595	56.7195	0.9255	1.0055	2.7545	0.2586	2.2715	2.3005	15.784
1505.25	99.527	9.645	51.27	0.954	1.019	3.414	0.2654	2.3	2.304	15.791
1505.375	102.8235	9.799	53.7305	0.928	1.009	2.385	0.28455	2.359	2.323	15.896
1505.5	106.12	9.953	56.191	0.902	0.999	1.356	0.3037	2.418	2.342	16.001
1505.625	109.48	10.0405	59.734	0.8525	0.959	1.305	0.2982	2.3005	2.281	16.106
1505.75	112.84	10.128	63.277	0.803	0.919	1.254	0.2927	2.183	2.22	16.211
1505.875	114.605	10.129	66.1665	0.753	0.857	1.2655	0.28195	2.357	2.2545	16.248
1506	116.37	10.13	69.056	0.703	0.795	1.277	0.2712	2.531	2.289	16.285
1506.125	114.15	10.24	70.4355	0.705	0.785	1.3925	0.27815	2.5345	2.3195	16.6
1506.25	111.93	10.35	71.815	0.707	0.775	1.508	0.2851	2.538	2.35	16.915
1506.375	110.97	10.043	74.7415	0.713	0.781	1.464	0.2897	2.5635	2.3525	16.9775
1506.5	110.01	9.736	77.668	0.719	0.787	1.42	0.2943	2.589	2.355	17.04
1506.625	109.605	9.7685	80.03	0.706	0.796	1.297	0.2847	2.493	2.321	16.858
1506.75	109.2	9.801	82.392	0.693	0.805	1.174	0.2751	2.397	2.287	16.676
1506.875	109.745	9.8565	73.916	0.704	0.8145	1.316	0.2813	2.4425	2.2915	16.494
1507	110.29	9.912	65.44	0.715	0.824	1.458	0.2875	2.488	2.296	16.312
1507.125	110.835	9.9445	63.4975	0.7375	0.825	1.4755	0.28965	2.4925	2.32	16.1305
1507.25	111.38	9.977	61.555	0.76	0.826	1.493	0.2918	2.497	2.344	15.949
1507.375	112.315	10.0135	63.9225	0.773	0.827	1.446	0.29315	2.4495	2.3255	15.9645
1507.5	113.25	10.05	66.29	0.786	0.828	1.399	0.2945	2.402	2.307	15.98
1507.625	113.66	9.83	69.7885	0.796	0.842	1.4085	0.30985	2.5285	2.3475	15.9185
1507.75	114.07	9.61	73.287	0.806	0.856	1.418	0.3252	2.655	2.388	15.857
1507.875	112.89	9.3805	75.3535	0.832	0.918	1.5485	0.31455	2.9485	2.443	15.796
1508	111.71	9.151	77.42	0.858	0.98	1.679	0.3039	3.242	2.498	15.735
1508.125	107.6	9.0615	66.762	0.981	1.2445	3.292	0.2625	3.342	2.5555	15.844
1508.25	103.49	8.972	56.104	1.104	1.509	4.905	0.2211	3.442	2.613	15.953
1508.375	95.11	8.851	53.5835	1.358	1.5975	5.3685	0.2409	3.172	2.61	16.2
1508.5	86.73	8.73	51.063	1.612	1.686	5.832	0.2607	2.902	2.607	16.447
1508.625	89.219	8.79	57.4895	1.618	1.7185	4.1835	0.2608	2.895	2.5695	16.459
1508.75	91.708	8.85	63.916	1.624	1.751	2.535	0.2609	2.888	2.532	16.471
1508.875	93.8695	8.8985	62.709	1.586	1.7	2.789	0.22985	2.967	2.567	16.529
1509	96.031	8.947	61.502	1.548	1.649	3.043	0.1988	3.046	2.602	16.587
1509.125	92.634	8.9615	67.601	1.57	1.633	3.5685	0.22365	2.8305	2.5295	16.6155
1509.25	89.237	8.976	73.7	1.592	1.617	4.094	0.2485	2.615	2.457	16.644
1509.375	91.335	9.144	77.9565	1.553	1.6345	2.6975	0.2658	2.8855	2.447	16.704
1509.5	93.433	9.312	82.213	1.514	1.652	1.301	0.2831	3.156	2.437	16.764
1509.625	94.943	9.249	79.8135	1.5365	1.6615	1.6175	0.2647	3.243	2.48	16.924
1509.75	96.453	9.186	77.414	1.559	1.671	1.934	0.2463	3.33	2.523	17.084
1509.875	94.38	9.2505	66.2935	1.616	1.6575	4.116	0.20425	3.0865	2.487	16.4545
1510	92.307	9.315	55.173	1.673	1.644	6.298	0.1622	2.843	2.451	15.825
1510.125	91.4675	9.4725	55.268	1.67	1.5945	4.25	0.19155	2.602	2.4325	15.88
1510.25	90.628	9.63	55.363	1.667	1.545	2.202	0.2209	2.361	2.414	15.935
1510.375	95.764	9.6505	56.311	1.5525	1.437	2.204	0.2527	2.6635	2.3875	15.221
1510.5	100.9	9.671	57.259	1.438	1.329	2.206	0.2845	2.966	2.361	14.507
1510.625	102.55	9.6205	59.244	1.3805	1.347	2.0945	0.2848	3.0755	2.3845	14.6135
1510.75	104.2	9.57	61.229	1.323	1.365	1.983	0.2851	3.185	2.408	14.72
1510.875	102.485	9.4205	61.773	1.345	1.4155	2.192	0.2645	3.241	2.4475	14.8855
1511	100.77	9.271	62.317	1.367	1.466	2.401	0.2439	3.297	2.487	15.051
1511.125	98.1765	9.3155	57.4125	1.487	1.566	2.7015	0.21955	3.4455	2.484	15.219
1511.25	95.583	9.36	52.508	1.607	1.666	3.002	0.1952	3.594	2.481	15.387
1511.375	94.648	9.2625	54.4655	1.651	1.711	2.5525	0.20875	3.1975	2.457	15.635
1511.5	93.713	9.165	56.423	1.695	1.756	2.103	0.2223	2.801	2.433	15.883
1511.625	94.9685	9.1575	56.527	1.639	1.6405	2.037	0.2278	2.924	2.442	15.9015
1511.75	96.224	9.15	56.631	1.583	1.525	1.971	0.2333	3.047	2.451	15.92
1511.875	96.8825	9.177	58.174	1.5385	1.4895	2.1515	0.229	3.118	2.4625	15.958
1512	97.541	9.204	59.717	1.494	1.454	2.332	0.2247	3.189	2.474	15.996
1512.125	97.4855	9.258	58.1155	1.4495	1.455	2.4775	0.23055	3.0375	2.457	16.034
1512.25	97.43	9.312	56.514	1.405	1.456	2.623	0.2364	2.886	2.44	16.072
1512.375	97.9515	9.384	56.7405	1.4075	1.45	2.3575	0.23905	2.852	2.4295	16.11
1512.5	98.473	9.456	56.967	1.41	1.444	2.092	0.2417	2.818	2.419	16.148
1512.625	99.5415	9.6555	57.878	1.4025	1.473	2.326	0.24975	2.9415	2.438	16.186
1512.75	100.61	9.855	58.789	1.395	1.502	2.56	0.2578	3.065	2.457	16.224
1512.875	98.531	9.8325	54.453	1.4115	1.593	2.3035	0.2498	3.1055	2.4705	16.229
1513	96.452	9.81	50.117	1.428	1.684	2.047	0.2418	3.146	2.484	16.234
1513.125	94.008	10.2945	50.0735	1.5405	1.791	3.86	0.21775	3.1195	2.486	16.1375
1513.25	91.564	10.779	50.03	1.653	1.898	5.673	0.1937	3.093	2.488	16.041
1513.375	91.219	9.989	50.0285	1.7145	1.9405	4.016	0.2007	3.146	2.4935	15.945
1513.5	90.874	9.199	50.027	1.776	1.983	2.359	0.2077	3.199	2.499	15.849
1513.625	91.5485	9.063	49.423	1.7935	1.958	2.799	0.2151	3.234	2.498	15.8815
1513.75	92.223	8.927	48.819	1.811	1.933	3.239	0.2225	3.269	2.497	15.914
1513.875	92.1015	9.0165	49.6225	1.825	1.8855	2.9995	0.22305	3.084	2.5095	15.6695
1514	91.98	9.106	50.426	1.839	1.838	2.76	0.2236	2.899	2.522	15.425
1514.125	92.492	9.5765	51.352	1.852	1.811	3.3335	0.2351	2.7835	2.4735	15.427
1514.25	93.004	10.047	52.278	1.865	1.784	3.907	0.2466	2.668	2.425	15.429
1514.375	98.897	10.1075	58.9525	1.583	1.4715	2.8235	0.2578	2.701	2.4085	15.436
1514.5	104.79	10.168	65.627	1.301	1.159	1.74	0.269	2.734	2.392	15.443
1514.625	107.505	10.282	64.2015	1.2415	1.1085	1.7235	0.2757	2.7705	2.386	15.461
1514.75	110.22	10.396	62.776	1.182	1.058	1.707	0.2824	2.807	2.38	15.479
1514.875	110.935	10.262	61.774	1.092	1.1005	1.7715	0.28465	2.705	2.375	15.511
1515	111.65	10.128	60.772	1.002	1.143	1.836	0.2869	2.603	2.37	15.543
1515.125	109.25	10.325	60.455	1.018	1.1775	1.7985	0.28355	2.5955	2.354	15.5585
1515.25	106.85	10.522	60.138	1.034	1.212	1.761	0.2802	2.588	2.338	15.574
1515.375	106.875	10.563	59.2565	1.055	1.1725	1.893	0.2837	2.5455	2.3295	15.5445
1515.5	106.9	10.604	58.375	1.076	1.133	2.025	0.2872	2.503	2.321	15.515
1515.625	107	10.5105	60.12	1.0225	1.0825	1.7935	0.28805	2.5205	2.337	15.6785
1515.75	107.1	10.417	61.865	0.969	1.032	1.562	0.2889	2.538	2.353	15.842
1515.875	107.26	10.291	63.5515	0.983	1.0375	1.675	0.28505	2.522	2.37	16.006
1516	107.42	10.165	65.238	0.997	1.043	1.788	0.2812	2.506	2.387	16.17
1516.125	108.215	9.9115	60.761	1.0285	1.119	1.7505	0.28495	2.7385	2.416	16.3335
1516.25	109.01	9.658	56.284	1.06	1.195	1.713	0.2887	2.971	2.445	16.497
1516.375	106.995	9.53	57.3885	1.167	1.324	1.9625	0.2536	3.1095	2.4685	16.661
1516.5	104.98	9.402	58.493	1.274	1.453	2.212	0.2185	3.248	2.492	16.825
1516.625	97.9295	9.4395	52.018	1.4115	1.63	2.923	0.20135	3.128	2.522	16.828
1516.75	90.879	9.477	45.543	1.549	1.807	3.634	0.1842	3.008	2.552	16.831
1516.875	88.595	9.255	46.4	1.726	1.9	9.8135	0.18845	3.0195	2.5335	16.8555
1517	86.311	9.033	47.257	1.903	1.993	15.993	0.1927	3.031	2.515	16.88
1517.125	87.8985	9.0365	48.309	1.949	2.0325	9.494	0.19985	3.068	2.5045	16.905
1517.25	89.486	9.04	49.361	1.995	2.072	2.995	0.207	3.105	2.494	16.93
1517.375	91.428	9.0605	50.9615	1.95	2.007	3.1975	0.20105	3.0815	2.5015	16.9425
1517.5	93.37	9.081	52.562	1.905	1.942	3.4	0.1951	3.058	2.509	16.955
1517.625	94.3725	9.04	54.1145	1.9275	2.026	3.794	0.18425	3.094	2.517	16.974
1517.75	95.375	8.999	55.667	1.95	2.11	4.188	0.1734	3.13	2.525	16.993
1517.875	92.054	9.007	51.45	1.997	2.1115	4.4235	0.1764	3.04	2.5355	17.0365
1518	88.733	9.015	47.233	2.044	2.113	4.659	0.1794	2.95	2.546	17.08
1518.125	88.7875	9.0135	46.0205	2.1235	2.0335	6.2145	0.19135	2.8865	2.537	16.981
1518.25	88.842	9.012	44.808	2.203	1.954	7.77	0.2033	2.823	2.528	16.882
1518.375	91.0945	9.015	47.6595	2.084	1.8612	5.475	0.207	2.877	2.51	16.8325
1518.5	93.347	9.018	50.511	1.965	1.7685	3.18	0.2107	2.931	2.492	16.783
1518.625	95.0435	9.05	52.7765	1.8212	1.6758	3.305	0.21245	2.92	2.4795	16.734
1518.75	96.74	9.082	55.042	1.6775	1.583	3.43	0.2142	2.909	2.467	16.685
1518.875	97.381	9.2215	55.6375	1.5338	1.596	2.883	0.22155	2.858	2.456	16.636
1519	98.022	9.361	56.233	1.39	1.609	2.336	0.2289	2.807	2.445	16.587
1519.125	98.457	9.351	55.801	1.3955	1.532	2.3555	0.2334	2.9025	2.4495	16.538
1519.25	98.892	9.341	55.369	1.401	1.455	2.375	0.2379	2.998	2.454	16.489
1519.375	98.5045	9.3285	56.236	1.4195	1.4735	2.479	0.2362	3.0805	2.4755	16.602
1519.5	98.117	9.316	57.103	1.438	1.492	2.583	0.2345	3.163	2.497	16.715
1519.625	95.0715	9.3595	58.852	1.4935	1.5505	2.645	0.22925	3.0895	2.52	16.3295
1519.75	92.026	9.403	60.601	1.549	1.609	2.707	0.224	3.016	2.543	15.944
1519.875	91.5935	9.552	55.7075	1.5825	1.641	2.5445	0.216	2.921	2.534	16.0005
1520	91.161	9.701	50.814	1.616	1.673	2.382	0.208	2.826	2.525	16.057
1520.125	94.21	9.589	57.9205	1.6385	1.687	2.3255	0.215	2.7905	2.5085	16.091
1520.25	97.259	9.477	65.027	1.661	1.701	2.269	0.222	2.755	2.492	16.125
1520.375	97.9905	9.4875	59.6275	1.641	1.7045	2.5455	0.21845	2.7975	2.4795	16.1535
1520.5	98.722	9.498	54.228	1.621	1.708	2.822	0.2149	2.84	2.467	16.182
1520.625	97.3235	9.534	54.451	1.623	1.703	3.054	0.21465	2.8325	2.474	16.267
1520.75	95.925	9.57	54.674	1.625	1.698	3.286	0.2144	2.825	2.481	16.352
1520.875	95.586	9.602	55.9395	1.596	1.703	3.072	0.219	2.9535	2.491	16.444
1521	95.247	9.634	57.205	1.567	1.708	2.858	0.2236	3.082	2.501	16.536
1521.125	95.478	9.477	57.591	1.574	1.717	2.6525	0.227	3.1135	2.4965	16.675
1521.25	95.709	9.32	57.977	1.581	1.726	2.447	0.2304	3.145	2.492	16.814
1521.375	95.9345	9.3545	57.966	1.6115	1.7375	2.59	0.2252	3.0545	2.4685	16.835
1521.5	96.16	9.389	57.955	1.642	1.749	2.733	0.22	2.964	2.445	16.856
1521.625	94.7445	9.3425	59.7835	1.652	1.755	2.6005	0.22095	3.0375	2.475	16.877
1521.75	93.329	9.296	61.612	1.662	1.761	2.468	0.2219	3.111	2.505	16.898
1521.875	93.052	9.23	58.41	1.6075	1.7735	2.6745	0.22635	3.0845	2.511	16.919
1522	92.775	9.164	55.208	1.553	1.786	2.881	0.2308	3.058	2.517	16.94
1522.125	93.345	9.111	56.1915	1.555	1.7775	2.747	0.2365	2.8605	2.5045	16.961
1522.25	93.915	9.058	57.175	1.557	1.769	2.613	0.2422	2.663	2.492	16.982
1522.375	94.858	9.012	59.9075	1.5615	1.7335	2.598	0.2358	2.716	2.4965	17.024
1522.5	95.801	8.966	62.64	1.566	1.698	2.583	0.2294	2.769	2.501	17.066
1522.625	95.3435	8.975	62.445	1.611	1.72	2.702	0.2369	2.8435	2.51	16.814
1522.75	94.886	8.984	62.25	1.656	1.742	2.821	0.2444	2.918	2.519	16.562
1522.875	93.135	8.957	58.54	1.727	1.8305	3.0115	0.24005	2.7075	2.527	16.5845
1523	91.384	8.93	54.83	1.798	1.919	3.202	0.2357	2.497	2.535	16.607
1523.125	90.419	8.9268	55.945	1.875	1.967	3.497	0.2319	2.6455	2.536	16.7755
1523.25	89.454	8.9235	57.06	1.952	2.015	3.792	0.2281	2.794	2.537	16.944
1523.375	89.698	8.9202	57.287	2	2.029	3.8225	0.2024	2.8735	2.546	17.0575
1523.5	89.942	8.917	57.514	2.048	2.043	3.853	0.1767	2.953	2.555	17.171
1523.625	90.6585	9.0035	55.74	1.9655	1.9805	3.6395	0.188	2.971	2.541	16.5025
1523.75	91.375	9.09	53.966	1.883	1.918	3.426	0.1993	2.989	2.527	15.834
1523.875	92.56	9.234	57.027	1.8175	1.851	3.7475	0.2132	3.0175	2.5065	15.8715
1524	93.745	9.378	60.088	1.752	1.784	4.069	0.2271	3.046	2.486	15.909
1524.125	94.8765	9.423	63.249	1.7615	1.7875	3.436	0.22545	3.107	2.498	15.738
1524.25	96.008	9.468	66.41	1.771	1.791	2.803	0.2238	3.168	2.51	15.567
1524.375	96.3375	9.44	65.7285	1.7975	1.8355	2.7775	0.2211	3.0755	2.5085	15.592
1524.5	96.667	9.412	65.047	1.824	1.88	2.752	0.2184	2.983	2.507	15.617
1524.625	95.8355	9.316	63.0245	1.8665	1.9375	2.9855	0.21735	3.0345	2.5165	15.6585
1524.75	95.004	9.22	61.002	1.909	1.995	3.219	0.2163	3.086	2.526	15.7
1524.875	94.59	9.1805	59.945	1.981	2.036	3.071	0.2155	3.143	2.5335	15.5245
1525	94.176	9.141	58.888	2.053	2.077	2.923	0.2147	3.2	2.541	15.349
1525.125	93.491	9.145	59.4145	2.08	2.1135	3.263	0.2155	3.1095	2.5405	15.174
1525.25	92.806	9.149	59.941	2.107	2.15	3.603	0.2163	3.019	2.54	14.999
1525.375	91.4385	9.028	62.3125	2.159	2.217	4.06	0.22015	3.106	2.5345	14.8235
1525.5	90.071	8.907	64.684	2.211	2.284	4.517	0.224	3.193	2.529	14.648
1525.625	88.1285	8.8845	66.79	2.3725	2.466	4.009	0.241	3.324	2.55	14.473
1525.75	86.186	8.862	68.896	2.534	2.648	3.501	0.258	3.455	2.571	14.298
1525.875	85.4445	8.8735	64.4305	2.8795	3.181	7.334	0.2035	3.5735	2.6085	14.892
1526	84.703	8.885	59.965	3.225	3.714	11.167	0.149	3.692	2.646	15.486
1526.125	79.238	8.8195	53.2435	3.674	3.993	13.9835	0.1561	3.673	2.6235	14.0325
1526.25	73.773	8.754	46.522	4.123	4.272	16.8	0.1632	3.654	2.601	12.579
1526.375	78.215	8.755	51.352	3.6185	4.2655	12.997	0.1832	3.3295	2.5665	12.707
1526.5	82.657	8.756	56.182	3.114	4.259	9.194	0.2032	3.005	2.532	12.835
1526.625	86.5445	8.784	61.1295	2.644	3.642	6.577	0.2133	3.0625	2.5205	13.06
1526.75	90.432	8.812	66.077	2.174	3.025	3.96	0.2234	3.12	2.509	13.285
1526.875	92.1395	8.8385	68.1995	2.1885	2.6295	4.5245	0.22025	3.128	2.514	13.5675
1527	93.847	8.865	70.322	2.203	2.234	5.089	0.2171	3.136	2.519	13.85
1527.125	95.4885	8.8825	70.6205	2.1795	2.1785	4.283	0.17675	3.079	2.5095	14.198
1527.25	97.13	8.9	70.919	2.156	2.123	3.477	0.1364	3.022	2.5	14.546
1527.375	96.8025	8.8415	73.9825	2.1535	2.2785	8.8835	0.12245	3.4615	2.526	14.1255
1527.5	96.475	8.783	77.046	2.151	2.434	14.29	0.1085	3.901	2.552	13.705
1527.625	89.5895	8.6805	78.737	2.7145	3.4565	47.1575	0.09505	4.129	2.5915	13.231
1527.75	82.704	8.578	80.428	3.278	4.479	80.025	0.0816	4.357	2.631	12.757
1527.875	75.9015	8.5555	65.0535	4.6255	5.4025	87.3495	0.118	3.6815	2.6145	12.283
1528	69.099	8.533	49.679	5.973	6.326	94.674	0.1544	3.006	2.598	11.809
1528.125	71.562	8.5085	52.346	6.1405	6.6635	50.482	0.18605	2.9835	2.553	11.903
1528.25	74.025	8.484	55.013	6.308	7.001	6.29	0.2177	2.961	2.508	11.997
1528.375	80.6345	8.4595	63.9085	5.148	5.4945	6.587	0.20605	3.0575	2.507	12.1345
1528.5	87.244	8.435	72.804	3.988	3.988	6.884	0.1944	3.154	2.506	12.272
1528.625	88.519	8.4365	77.8345	3.789	3.7295	7.6935	0.19335	3.207	2.51	12.4305
1528.75	89.794	8.438	82.865	3.59	3.471	8.503	0.1923	3.26	2.514	12.589
1528.875	89.755	8.433	73.8295	3.6815	3.66	10.911	0.18275	3.351	2.5235	12.7875
1529	89.716	8.428	64.794	3.773	3.849	13.319	0.1732	3.442	2.533	12.986
1529.125	86.7545	8.423	65.3765	3.82	3.8825	13.011	0.1761	3.554	2.5415	12.7935
1529.25	83.793	8.418	65.959	3.867	3.916	12.703	0.179	3.666	2.55	12.601
1529.375	84.0885	8.4235	96.0695	3.8185	3.8975	19.401	0.19665	3.591	2.523	11.8125
1529.5	84.384	8.429	126.18	3.77	3.879	26.099	0.2143	3.516	2.496	11.024
1529.625	84.935	8.438	156.045	3.992	3.9575	15.3535	0.22475	3.4295	2.5415	12.156
1529.75	85.486	8.447	185.91	4.214	4.036	4.608	0.2352	3.343	2.587	13.288
1529.875	86.0775	8.451	177.52	4.4745	4.516	9.4015	0.23615	3.5435	2.5955	9.826
1530	86.669	8.455	169.13	4.735	4.996	14.195	0.2371	3.744	2.604	6.364
1530.125	80.726	8.4555	152.67	5.4445	6.3095	14.299	0.186	3.9365	2.599	5.6795
1530.25	74.783	8.456	136.21	6.154	7.623	14.403	0.1349	4.129	2.594	4.995
1530.375	73.3455	8.416	135.035	8.435	9.3965	22.083	0.1081	4.1865	2.581	5.204
1530.5	71.908	8.376	133.86	10.716	11.17	29.763	0.0813	4.244	2.568	5.413
1530.625	71.019	8.4145	102.3355	12.2615	12.5515	53.4445	0.0866	4.5155	2.5925	5.7075
1530.75	70.13	8.453	70.811	13.807	13.933	77.126	0.0919	4.787	2.617	6.002
1530.875	67.293	8.4155	73.2265	16.0965	13.845	48.6095	0.0991	4.2365	2.633	7.0305
1531	64.456	8.378	75.642	18.386	13.757	20.093	0.1063	3.686	2.649	8.059
1531.125	68.022	8.4955	91.926	10.697	8.262	36.442	0.14385	3.125	2.5395	8.478
1531.25	71.588	8.613	108.21	3.008	2.767	52.791	0.1814	2.564	2.43	8.897
1531.375	75.4365	8.7605	121.045	2.8905	2.6085	27.7315	0.1896	2.6165	2.4715	9.6035
1531.5	79.285	8.908	133.88	2.773	2.45	2.672	0.1978	2.669	2.513	10.31
1531.625	82.4005	8.895	126.855	2.4935	2.235	2.8205	0.20745	2.754	2.5055	11.0675
1531.75	85.516	8.882	119.83	2.214	2.02	2.969	0.2171	2.839	2.498	11.825
1531.875	87.8675	8.8345	110.565	2.084	1.9895	2.5035	0.23095	2.8975	2.4995	12.872
1532	90.219	8.787	101.3	1.954	1.959	2.038	0.2448	2.956	2.501	13.919
1532.125	91.0945	8.7975	103.165	2.0445	1.994	2.5355	0.251	3.0245	2.521	14.3935
1532.25	91.97	8.808	105.03	2.135	2.029	3.033	0.2572	3.093	2.541	14.868
1532.375	93.5735	8.65	106.875	2.42	2.218	3.2945	0.21415	3.257	2.587	14.159
1532.5	95.177	8.492	108.72	2.705	2.407	3.556	0.1711	3.421	2.633	13.45
1532.625	93.017	8.4765	109.565	3.4525	3.198	6.5682	0.14405	3.6715	2.639	14.2485
1532.75	90.857	8.461	110.41	4.2	3.989	9.5805	0.117	3.922	2.645	15.047
1532.875	81.033	8.4475	91.3755	5.238	6.192	12.5927	0.1152	4.1245	2.6555	12.141
1533	71.209	8.434	72.341	6.276	8.395	15.605	0.1134	4.327	2.666	9.235
1533.125	70.474	8.418	75.494	7.4595	8.489	15.643	0.1046	4.328	2.638	9.554
1533.25	69.739	8.402	78.647	8.643	8.583	15.681	0.0958	4.329	2.61	9.873
1533.375	70.217	8.419	79.63	9.9985	10.067	22.77	0.08915	4.2675	2.6125	9.064
1533.5	70.695	8.436	80.613	11.354	11.551	29.859	0.0825	4.206	2.615	8.255
1533.625	69.04	8.4365	76.711	12.844	12.444	35.338	0.0707	4.202	2.614	7.386
1533.75	67.385	8.437	72.809	14.334	13.337	40.817	0.0589	4.198	2.613	6.517
1533.875	68.414	8.462	73.5825	16.0415	14.885	48.797	0.0545	4.346	2.629	6.6825
1534	69.443	8.487	74.356	17.749	16.433	56.777	0.0501	4.494	2.645	6.848
1534.125	66.5625	8.4505	69.7915	19.75	17.8545	46.916	0.04385	4.6965	2.658	7.065
1534.25	63.682	8.414	65.227	21.751	19.276	37.055	0.0376	4.899	2.671	7.282
1534.375	62.7255	8.416	52.9595	23.838	21.765	47.1165	0.03005	4.8405	2.672	6.956
1534.5	61.769	8.418	40.692	25.925	24.254	57.178	0.0225	4.782	2.673	6.63
1534.625	60.662	8.4107	41.8635	26.393	25.4995	46.305	0.0212	4.758	2.683	6.8075
1534.75	59.555	8.4035	43.035	26.861	26.745	35.432	0.0199	4.734	2.693	6.985
1534.875	59.125	8.3962	44.435	24.9225	27.3825	64.799	0.0185	4.6085	2.7125	6.5231
1535	58.695	8.389	45.835	22.984	28.02	94.166	0.0171	4.483	2.732	6.0613
1535.125	58.2535	8.3895	43.303	21.638	24.4835	121.988	0.02855	4.3395	2.6725	5.5995
1535.25	57.812	8.39	40.771	20.292	20.947	149.81	0.04	4.196	2.613	5.1376
1535.375	59.7185	8.3913	49.4485	13.6945	14.008	76.8725	0.0571	4.2035	2.591	4.6758
1535.5	61.625	8.3926	58.126	7.097	7.069	3.935	0.0742	4.211	2.569	4.214
1535.625	64.0175	8.3939	62.514	7.377	7.1255	18.4055	0.07855	4.28	2.605	4.295
1535.75	66.41	8.3953	66.902	7.657	7.182	32.876	0.0829	4.349	2.641	4.376
1535.875	67.369	8.3967	57.278	9.996	9.737	88.888	0.07225	4.3025	2.6375	3.416
1536	68.328	8.398	47.654	12.335	12.292	144.9	0.0616	4.256	2.634	2.456
1536.125	65.977	8.3948	44.0285	18.189	18.1315	171.305	0.06115	4.353	2.62	3.526
1536.25	63.626	8.3915	40.403	24.043	23.971	197.71	0.0607	4.45	2.606	4.596
1536.375	63.4655	8.3883	36.5755	26.3255	25.6995	134.832	0.0622	4.5005	2.5957	3.0985
1536.5	63.305	8.385	32.748	28.608	27.428	71.954	0.0637	4.551	2.5855	1.601
1536.625	64.4025	8.4295	31.4495	29.4895	27.73	60.143	0.06525	4.4115	2.5753	-4.3765
1536.75	65.5	8.474	30.151	30.371	28.032	48.332	0.0668	4.272	2.565	-10.354
1536.875	65.9135	8.5	32.6405	28.694	25.7625	54.562	0.06185	4.1895	2.5725	-10.082
1537	66.327	8.526	35.13	27.017	23.493	60.792	0.0569	4.107	2.58	-9.81
1537.125	66.2325	8.5285	35.859	26.9825	23.872	65.983	0.05765	4.5195	2.585	-12.048
1537.25	66.138	8.531	36.588	26.948	24.251	71.174	0.0584	4.932	2.59	-14.286
1537.375	65.006	8.568	36.119	28.802	25.803	64.2395	0.05885	5.026	2.5835	-14.855
1537.5	63.874	8.605	35.65	30.656	27.355	57.305	0.0593	5.12	2.577	-15.424
1537.625	64.3825	8.6375	34.7735	31.341	27.598	64.0555	0.05965	4.684	2.562	-16.5005
1537.75	64.891	8.67	33.897	32.026	27.841	70.806	0.06	4.248	2.547	-17.577
1537.875	64.9925	8.7055	36	33.5555	27.903	69.89	0.06075	4.2485	2.563	-18.654
1538	65.094	8.741	38.103	35.085	27.965	68.974	0.0615	4.249	2.579	-19.731
1538.125	65.134	8.586	40.576	31.739	26.115	57.118	0.0633	4.255	2.581	-20.808
1538.25	65.174	8.431	43.049	28.393	24.265	45.262	0.0651	4.261	2.583	-21.885
1538.375	65.574	8.3025	41.5685	28.2975	25.1	48.076	0.0694	4.328	2.57	-21.6645
1538.5	65.974	8.174	40.088	28.202	25.935	50.89	0.0737	4.395	2.557	-21.444
1538.625	66.7715	8.176	36.9225	27.5595	26.045	81.77	0.0829	4.4875	2.544	-22.3415
1538.75	67.569	8.178	33.757	26.917	26.155	112.65	0.0921	4.58	2.531	-23.239
1538.875	68.202	8.18	31.1435	26.2745	25.1985	72.7865	0.0987	4.4495	2.5235	-24.0215
1539	68.835	8.182	28.53	25.632	24.242	32.923	0.1053	4.319	2.516	-24.804
1539.125	69.1095	8.198	29.074	24.9895	23.5825	38.5425	0.11015	4.331	2.498	-24.451
1539.25	69.384	8.214	29.618	24.347	22.923	44.162	0.115	4.343	2.48	-24.098
1539.375	70.5325	8.2455	29.6325	24.98	21.1805	49.6745	0.1169	4.359	2.4705	-25.0395
1539.5	71.681	8.277	29.647	25.613	19.438	55.187	0.1188	4.375	2.461	-25.981
1539.625	72.1225	8.305	25.67	25.127	18.991	44.9685	0.10795	4.428	2.478	-26.4675
1539.75	72.564	8.333	21.693	24.641	18.544	34.75	0.0971	4.481	2.495	-26.954
1539.875	72.176	8.3175	20.8455	22.96	19.041	47.3365	0.106	4.4315	2.475	-26.936
1540	71.788	8.302	19.998	21.279	19.538	59.923	0.1149	4.382	2.455	-26.918
1540.125	71.7695	8.347	19.5395	19.711	18.0425	47.7495	0.11885	4.463	2.4825	-26.9865
1540.25	71.751	8.392	19.081	18.143	16.547	35.576	0.1228	4.544	2.51	-27.055
1540.375	72.533	8.3605	23.609	17.1675	16.4885	30.794	0.11855	4.715	2.515	-27.0185
1540.5	73.315	8.329	28.137	16.192	16.43	26.012	0.1143	4.886	2.52	-26.982
1540.625	73.695	8.2905	29.1075	16.282	16.3055	25.926	0.10365	4.988	2.51	-26.9275
1540.75	74.075	8.252	30.078	16.372	16.181	25.84	0.093	5.09	2.5	-26.873
1540.875	71.7765	8.268	25.41	16.622	16.0715	34.1915	0.10465	5.188	2.48	-26.8095
1541	69.478	8.284	20.742	16.872	15.962	42.543	0.1163	5.286	2.46	-26.746
1541.125	71.046	8.291	21.3225	16.816	15.428	59.286	0.1228	5.063	2.4395	-26.6105
1541.25	72.614	8.298	21.903	16.76	14.894	76.029	0.1293	4.84	2.419	-26.475
1541.375	73.639	8.311	23.417	15.3205	14.227	46.9045	0.10445	4.66	2.478	-25.505
1541.5	74.664	8.324	24.931	13.881	13.56	17.78	0.0796	4.48	2.537	-24.535
1541.625	70.9555	8.33	24.497	14.5835	14.004	44.8685	0.078	4.3745	2.545	-24.232
1541.75	67.247	8.336	24.063	15.286	14.448	71.957	0.0764	4.269	2.553	-23.929
1541.875	66.845	8.3208	23.2525	16.8195	15.636	52.0375	0.06345	4.3025	2.561	-22.95
1542	66.443	8.3055	22.442	18.353	16.824	32.118	0.0505	4.336	2.569	-21.971
1542.125	66.015	8.2902	23.7485	21.1455	19.282	49.4935	0.04605	4.3735	2.5865	-21.3495
1542.25	65.587	8.275	25.055	23.938	21.74	66.869	0.0416	4.411	2.604	-20.728
1542.375	63.727	8.32	23.4105	26.687	24.968	69.826	0.04435	4.46	2.6065	-19.1985
1542.5	61.867	8.365	21.766	29.436	28.196	72.783	0.0471	4.509	2.609	-17.669
1542.625	62.4645	8.3795	22.908	33.298	32.593	91.8715	0.04475	4.5445	2.619	-16.7815
1542.75	63.062	8.394	24.05	37.16	36.99	110.96	0.0424	4.58	2.629	-15.894
1542.875	64.516	8.401	23.767	40.5035	40.276	153.97	0.0309	4.5285	2.6465	-14.107
1543	65.97	8.408	23.484	43.847	43.562	196.98	0.0194	4.477	2.664	-12.32
1543.125	65.156	8.3945	25.682	50.374	45.589	258.335	0.0218	4.3435	2.667	-10.6765
1543.25	64.342	8.381	27.88	56.901	47.616	319.69	0.0242	4.21	2.67	-9.033
1543.375	62.093	8.375	30.648	43.247	44.5085	191.8375	0.04675	4.2305	2.667	-6.9645
1543.5	59.844	8.369	33.416	29.593	41.401	63.985	0.0693	4.251	2.664	-4.896
1543.625	63.836	8.371	37.357	19.1735	26.635	75.1445	0.08975	4.1205	2.6555	-2.754
1543.75	67.828	8.373	41.298	8.754	11.869	86.304	0.1102	3.99	2.647	-0.612
1543.875	70.4065	8.3625	53.0795	6.6585	8.77	48.028	0.1097	3.752	2.638	1.0915
1544	72.985	8.352	64.861	4.563	5.671	9.752	0.1092	3.514	2.629	2.795
1544.125	74.3135	8.356	66.626	4.552	5.123	8.832	0.1029	3.6955	2.646	4.236
1544.25	75.642	8.36	68.391	4.541	4.575	7.912	0.0966	3.877	2.663	5.677
1544.375	76.2485	8.3555	65.3215	5.2	4.9775	8.4455	0.08345	4.1625	2.67	7.1795
1544.5	76.855	8.351	62.252	5.859	5.38	8.979	0.0703	4.448	2.677	8.682
1544.625	71.7095	8.3325	58.637	6.664	6.2965	15.153	0.069	4.188	2.6715	9.567
1544.75	66.564	8.314	55.022	7.469	7.213	21.327	0.0677	3.928	2.666	10.452
1544.875	66.8675	8.3123	55.793	7.43	7.5335	24.0355	0.0706	3.9635	2.66	10.882
1545	67.171	8.3105	56.564	7.391	7.854	26.744	0.0735	3.999	2.654	11.312
1545.125	67.87	8.3088	62.763	7.0645	7.518	18.508	0.06945	4.1155	2.65	11.386
1545.25	68.569	8.307	68.962	6.738	7.182	10.272	0.0654	4.232	2.646	11.46
1545.375	68.827	8.3053	70.8255	7.004	7.1745	13.126	0.06085	4.2005	2.6505	11.6315
1545.5	69.085	8.3035	72.689	7.27	7.167	15.98	0.0563	4.169	2.655	11.803
1545.625	68.424	8.3018	65.6045	7.9205	7.732	14.649	0.052	4.134	2.6515	11.2895
1545.75	67.763	8.3	58.52	8.571	8.297	13.318	0.0477	4.099	2.648	10.776
1545.875	67.402	8.3015	58.1705	11.815	11.433	36.1055	0.0393	4.3115	2.6675	11.1635
1546	67.041	8.303	57.821	15.059	14.569	58.893	0.0309	4.524	2.687	11.551
1546.125	65.166	8.3075	48.7855	24.709	20.5835	106.1065	0.02465	4.734	2.691	11.243
1546.25	63.291	8.312	39.75	34.359	26.598	153.32	0.0184	4.944	2.695	10.935
1546.375	60.4765	8.3145	36.9265	38.0165	34.6675	345.55	0.02135	4.867	2.7	8.977
1546.5	57.662	8.317	34.103	41.674	42.737	537.78	0.0243	4.79	2.705	7.019
1546.625	57.054	8.3085	36.947	36.5925	34.9525	412.915	0.0317	4.8015	2.6905	5.061
1546.75	56.446	8.3	39.791	31.511	27.168	288.05	0.0391	4.813	2.676	3.103
1546.875	58.27	8.2915	42.056	28.432	24.539	163.1885	0.0396	4.94	2.6455	3.661
1547	60.094	8.283	44.321	25.353	21.91	38.327	0.0401	5.067	2.615	4.219
1547.125	61.1645	8.2835	41.7075	24.9745	22.1745	41.2195	0.0377	4.8855	2.627	3.002
1547.25	62.235	8.284	39.094	24.596	22.439	44.112	0.0353	4.704	2.639	1.785
1547.375	62.786	8.2833	38.782	25.5675	23.0885	92.371	0.04005	4.7065	2.6395	0.421
1547.5	63.337	8.2827	38.47	26.539	23.738	140.63	0.0448	4.709	2.64	-0.943
1547.625	63.832	8.2821	40.566	27.2995	23.997	100.566	0.04745	4.485	2.6235	-0.463
1547.75	64.327	8.2815	42.662	28.06	24.256	60.502	0.0501	4.261	2.607	0.017
1547.875	64.5385	8.2808	42.941	28.892	24.419	53.166	0.05	4.1685	2.6085	-1.1835
1548	64.75	8.2802	43.22	29.724	24.582	45.83	0.0499	4.076	2.61	-2.384
1548.125	64.715	8.2796	42.214	30.556	25.2655	62.619	0.0483	4.1295	2.6115	-3.0157
1548.25	64.68	8.279	41.208	31.388	25.949	79.408	0.0467	4.183	2.613	-3.6473
1548.375	64.444	8.2805	41.0475	32.5655	26.728	69.9635	0.05085	4.2545	2.6075	-4.279
1548.5	64.208	8.282	40.887	33.743	27.507	60.519	0.055	4.326	2.602	-4.9106
1548.625	64.5575	8.2867	40.9115	34.1075	27.477	51.9835	0.0601	4.5	2.606	-5.5423
1548.75	64.907	8.2915	40.936	34.472	27.447	43.448	0.0652	4.674	2.61	-6.174
1548.875	65.127	8.2962	39.635	31.0125	25.476	50.959	0.0779	4.535	2.5925	-6.0495
1549	65.347	8.301	38.334	27.553	23.505	58.47	0.0906	4.396	2.575	-5.925
1549.125	67.4785	8.3057	34.801	26.4865	23.168	41.934	0.1067	4.316	2.5305	-7.4138
1549.25	69.61	8.3105	31.268	25.42	22.831	25.398	0.1228	4.236	2.486	-8.9025
1549.375	63.896	8.3153	32.821	26.7265	22.6195	23.2135	0.12665	4.322	2.474	-10.3913
1549.5	58.182	8.32	34.374	28.033	22.408	21.029	0.1305	4.408	2.462	-11.88
1549.625	63.2505	8.326	31.8285	30.558	24.815	21.8325	0.1147	4.475	2.479	-11.5365
1549.75	68.319	8.332	29.283	33.083	27.222	22.636	0.0989	4.542	2.496	-11.193
1549.875	69.6065	8.3177	26.7285	34.6455	28.255	66.823	0.08965	4.6655	2.5085	-12.1915
1550	70.894	8.3035	24.174	36.208	29.288	111.01	0.0804	4.789	2.521	-13.19
1550.125	70.6505	8.2892	23.731	35.2245	30.43	165.175	0.08235	4.496	2.5065	-13.5705
1550.25	70.407	8.275	23.288	34.241	31.572	219.34	0.0843	4.203	2.492	-13.951
1550.375	73.389	8.2775	22.746	33.441	31.239	140.9405	0.0929	4.2115	2.468	-14.474
1550.5	76.371	8.28	22.204	32.641	30.906	62.541	0.1015	4.22	2.444	-14.997
1550.625	78.078	8.2847	23.007	34.4945	29.5735	35.9725	0.10685	4.2525	2.435	-16.304
1550.75	79.785	8.2895	23.81	36.348	28.241	9.404	0.1122	4.285	2.426	-17.611
1550.875	75.073	8.2943	24.1865	37.2215	29.239	12.8085	0.11805	4.347	2.4325	-17.3405
1551	70.361	8.299	24.563	38.095	30.237	16.213	0.1239	4.409	2.439	-17.07
1551.125	72.05	8.302	24.614	34.2495	31.0505	16.6595	0.12855	4.5725	2.4625	-17.8335
1551.25	73.739	8.305	24.665	30.404	31.864	17.106	0.1332	4.736	2.486	-18.597
1551.375	74.6195	8.3185	24.204	25.097	30.9465	22.5755	0.12545	4.696	2.478	-19.194
1551.5	75.5	8.332	23.743	19.79	30.029	28.045	0.1177	4.656	2.47	-19.791
1551.625	74.555	8.3775	24.457	14.4835	19.965	36.0535	0.13085	4.6345	2.431	-20.338
1551.75	73.61	8.423	25.171	9.177	9.901	44.062	0.144	4.613	2.392	-20.885
1551.875	74.87	8.4385	24.785	9.293	9.2715	27.2575	0.1421	4.6455	2.403	-20.8615
1552	76.13	8.454	24.399	9.409	8.642	10.453	0.1402	4.678	2.414	-20.838
1552.125	75.5925	8.456	24.498	9.1135	8.1735	11.531	0.12815	4.645	2.4315	-20.8065
1552.25	75.055	8.458	24.597	8.818	7.705	12.609	0.1161	4.612	2.449	-20.775
1552.375	73.605	8.487	25.2415	9.166	8.0035	13.603	0.11505	4.687	2.4545	-19.8835
1552.5	72.155	8.516	25.886	9.514	8.302	14.597	0.114	4.762	2.46	-18.992
1552.625	72.5565	8.545	24.803	9.8095	8.668	18.413	0.12175	4.693	2.4615	-17.7185
1552.75	72.958	8.574	23.72	10.105	9.034	22.229	0.1295	4.624	2.463	-16.445
1552.875	73.293	8.603	24.8715	10.2955	9.141	25.2325	0.0927	4.7205	2.505	-14.334
1553	73.628	8.632	26.023	10.486	9.248	28.236	0.0559	4.817	2.547	-12.223
1553.125	73.486	8.709	32.344	12.0785	9.213	39.0725	0.08845	4.1195	2.538	-9.923
1553.25	73.344	8.786	38.665	13.671	9.178	49.909	0.121	3.422	2.529	-7.623
1553.375	78.4905	8.918	53.3175	8.521	5.9935	133.2895	0.1615	3.119	2.5005	-4.299
1553.5	83.637	9.05	67.97	3.371	2.809	216.67	0.202	2.816	2.472	-0.975
1553.625	90.7085	8.975	81.3535	2.84	2.58	109.345	0.22005	2.8905	2.5185	2.151
1553.75	97.78	8.9	94.737	2.309	2.351	2.02	0.2381	2.965	2.565	5.277
1553.875	103.21	8.9535	97.6485	2.4115	2.385	3.367	0.21555	2.9185	2.578	7.125
1554	108.64	9.007	100.56	2.514	2.419	4.714	0.193	2.872	2.591	8.973
1554.125	100.759	8.8945	94.153	2.669	2.515	4.329	0.20075	2.7905	2.567	10.063
1554.25	92.878	8.782	87.746	2.824	2.611	3.944	0.2085	2.709	2.543	11.153
1554.375	93.309	8.8375	90.664	2.683	2.507	3.4875	0.2174	2.862	2.524	11.838
1554.5	93.74	8.893	93.582	2.542	2.403	3.031	0.2263	3.015	2.505	12.523
1554.625	91.9715	8.769	91.55	2.5185	2.445	2.447	0.18215	3.121	2.581	12.9455
1554.75	90.203	8.645	89.518	2.495	2.487	1.863	0.138	3.227	2.657	13.368
1554.875	86.797	8.7505	79.1645	2.6005	2.5915	80.8265	0.15005	3.3815	2.6435	13.521
1555	83.391	8.856	68.811	2.706	2.696	159.79	0.1621	3.536	2.63	13.674
1555.125	81.3435	8.6875	71.755	2.939	2.857	81.4415	0.1578	4.2175	2.6315	13.4355
1555.25	79.296	8.519	74.699	3.172	3.018	3.093	0.1535	4.899	2.633	13.197
1555.375	79.1485	8.5245	77.8975	3.496	3.397	8.817	0.1154	4.675	2.636	13.3805
1555.5	79.001	8.53	81.096	3.82	3.776	14.541	0.0773	4.451	2.639	13.564
1555.625	75.3065	8.5385	71.1655	4.685	4.976	19.7825	0.0775	4.3885	2.6395	12.8255
1555.75	71.612	8.547	61.235	5.55	6.176	25.024	0.0777	4.326	2.64	12.087
1555.875	69.792	8.5245	58.9235	6.971	6.9855	21.2865	0.06405	4.4415	2.6495	12.278
1556	67.972	8.502	56.612	8.392	7.795	17.549	0.0504	4.557	2.659	12.469
1556.125	66.6335	8.4795	47.331	9.0945	8.7845	63.2445	0.05085	4.371	2.6545	11.647
1556.25	65.295	8.457	38.05	9.797	9.774	108.94	0.0513	4.185	2.65	10.825
1556.375	65.1195	8.471	38.185	10.8475	10.817	154.6	0.05655	4.1285	2.6415	10.8565
1556.5	64.944	8.485	38.32	11.898	11.86	200.26	0.0618	4.072	2.633	10.888
1556.625	66.0455	8.445	38.801	11.191	11.8765	111.62	0.06185	4.292	2.635	10.506
1556.75	67.147	8.405	39.282	10.484	11.893	22.98	0.0619	4.512	2.637	10.124
1556.875	68.064	8.358	40.877	10.38	10.909	22.803	0.0705	4.625	2.623	10.1245
1557	68.981	8.311	42.472	10.276	9.925	22.626	0.0791	4.738	2.609	10.125
1557.125	69.8535	8.312	44.5345	9.9075	9.6795	28.7065	0.08205	4.5845	2.618	10.1375
1557.25	70.726	8.313	46.597	9.539	9.434	34.787	0.085	4.431	2.627	10.15
1557.375	71.0005	8.302	41.3525	11.2475	11.174	34.8585	0.0732	4.614	2.6295	10.1715
1557.5	71.275	8.291	36.108	12.956	12.914	34.93	0.0614	4.797	2.632	10.193
1557.625	71.58	8.301	33.619	13.7925	13.82	32.2185	0.05965	4.673	2.6375	10.0282
1557.75	71.885	8.311	31.13	14.629	14.726	29.507	0.0579	4.549	2.643	9.8635
1557.875	70.006	8.3305	32.852	14.955	15.0495	36.2915	0.06425	4.2235	2.642	9.6987
1558	68.127	8.35	34.574	15.281	15.373	43.076	0.0706	3.898	2.641	9.534
1558.125	67.783	8.3305	37.939	14.6575	14.926	33.4165	0.06835	4.0175	2.6515	9.8155
1558.25	67.439	8.311	41.304	14.034	14.479	23.757	0.0661	4.137	2.662	10.097
1558.375	67.7305	8.3255	43.721	15.289	15.608	28.904	0.0615	4.151	2.661	9.3985
1558.5	68.022	8.34	46.138	16.544	16.737	34.051	0.0569	4.165	2.66	8.7
1558.625	66.984	8.376	42.652	14.78	17.6775	36.8555	0.0736	4.035	2.649	9.1785
1558.75	65.946	8.412	39.166	13.016	18.618	39.66	0.0903	3.905	2.638	9.657
1558.875	66.7245	8.456	46.877	9.8565	18.8695	42.7455	0.11285	3.7335	2.6255	10.0345
1559	67.503	8.5	54.588	6.697	19.121	45.831	0.1354	3.562	2.613	10.412
1559.125	69.5655	8.54	61.0995	6.7765	13.1005	27.678	0.1447	3.462	2.61	11.0495
1559.25	71.628	8.58	67.611	6.856	7.08	9.525	0.154	3.362	2.607	11.687
1559.375	72.4895	8.5095	71.053	7.7155	7.4385	11.464	0.1231	3.5485	2.619	12.2115
1559.5	73.351	8.439	74.495	8.575	7.797	13.403	0.0922	3.735	2.631	12.736
1559.625	72.973	8.499	65.463	10.0905	9.4275	25.3265	0.06895	3.98	2.642	12.365
1559.75	72.595	8.559	56.431	11.606	11.058	37.25	0.0457	4.225	2.653	11.994
1559.875	68.2705	8.6095	50.4895	12.9925	12.97	32.1285	0.0497	4.2665	2.6535	10.8448
1560	63.946	8.66	44.548	14.379	14.882	27.007	0.0537	4.308	2.654	9.6956
1560.125	64.327	8.5215	45.2215	14.0595	14.948	35.5	0.0562	4.245	2.656	8.5464
1560.25	64.708	8.383	45.895	13.74	15.014	43.993	0.0587	4.182	2.658	7.3973
1560.375	64.8395	8.355	48.3385	13.395	14.084	32.115	0.05925	4.246	2.664	6.2481
1560.5	64.971	8.327	50.782	13.05	13.154	20.237	0.0598	4.31	2.67	5.099
1560.625	65.328	8.3325	49.8145	12.8	12.9035	33.867	0.06495	4.3745	2.652	5.1105
1560.75	65.685	8.338	48.847	12.55	12.653	47.497	0.0701	4.439	2.634	5.122
1560.875	66.515	8.367	48.9265	12.5235	12.9625	61.4845	0.07295	4.311	2.6295	4.3735
1561	67.345	8.396	49.006	12.497	13.272	75.472	0.0758	4.183	2.625	3.625
1561.125	67.5265	8.4	51.358	13.1165	13.1285	43.139	0.0679	4.1555	2.629	3.733
1561.25	67.708	8.404	53.71	13.736	12.985	10.806	0.06	4.128	2.633	3.841
1561.375	67.8455	8.382	48.9	15.834	15.3715	34.8985	0.0516	4.137	2.634	2.629
1561.5	67.983	8.36	44.09	17.932	17.758	58.991	0.0432	4.146	2.635	1.417
1561.625	65.4915	8.362	45.901	17.5605	18.166	47.2995	0.0444	4.178	2.632	2.041
1561.75	63	8.364	47.712	17.189	18.574	35.608	0.0456	4.21	2.629	2.665
1561.875	63.63	8.3518	52.6855	18.0565	18.074	41.9435	0.05135	4.357	2.6315	0.067
1562	64.26	8.3396	57.659	18.924	17.574	48.279	0.0571	4.504	2.634	-2.531
1562.125	64.9935	8.3274	60.906	17.328	16.7555	40.258	0.06095	4.57	2.64	-1.7745
1562.25	65.727	8.3153	64.153	15.732	15.937	32.237	0.0648	4.636	2.646	-1.018
1562.375	66.288	8.3032	62.537	15.1435	15.2845	34.058	0.0665	4.6275	2.6375	-2.7328
1562.5	66.849	8.291	60.921	14.555	14.632	35.879	0.0682	4.619	2.629	-4.4476
1562.625	66.9075	8.2915	58.6795	14.67	14.7195	32.324	0.07025	4.57	2.6305	-6.1624
1562.75	66.966	8.292	56.438	14.785	14.807	28.769	0.0723	4.521	2.632	-7.8773
1562.875	66.664	8.3055	59.6045	15.069	15.063	36.121	0.07235	4.474	2.6335	-9.5921
1563	66.362	8.319	62.771	15.353	15.319	43.473	0.0724	4.427	2.635	-11.307
1563.125	66.5775	8.324	57.338	15.9295	15.7395	40.3175	0.0685	4.4465	2.6155	-11.1375
1563.25	66.793	8.329	51.905	16.506	16.16	37.162	0.0646	4.466	2.596	-10.968
1563.375	67.0435	8.3665	51.9905	16.939	17.1705	67.519	0.06465	4.431	2.6015	-11.9565
1563.5	67.294	8.404	52.076	17.372	18.181	97.876	0.0647	4.396	2.607	-12.945
1563.625	65.7765	8.426	55.737	17.778	18.5295	67.705	0.06375	4.4085	2.6075	-13.4435
1563.75	64.259	8.448	59.398	18.184	18.878	37.534	0.0628	4.421	2.608	-13.942
1563.875	64.6295	8.4238	56.3895	17.07	17.9645	50.228	0.0902	4.465	2.548	-13.8655
1564	65	8.3996	53.381	15.956	17.051	62.922	0.1176	4.509	2.488	-13.789
1564.125	67.394	8.3755	50.7305	15.3375	16.1325	52.7525	0.1248	4.3705	2.4695	-14.398
1564.25	69.788	8.3513	48.08	14.719	15.214	42.583	0.132	4.232	2.451	-15.007
1564.375	71.7695	8.3272	46.939	14.101	15.022	30.7735	0.13745	4.333	2.4655	-14.9285
1564.5	73.751	8.303	45.798	13.483	14.83	18.964	0.1429	4.434	2.48	-14.85
1564.625	74.2765	8.33	46.887	13.677	14.0465	18.992	0.1156	4.5425	2.524	-14.1665
1564.75	74.802	8.357	47.976	13.871	13.263	19.02	0.0883	4.651	2.568	-13.483
1564.875	72.882	8.385	49.2165	13.3685	13.1395	22.0075	0.07915	4.5985	2.592	-13.215
1565	70.962	8.413	50.457	12.866	13.016	24.995	0.07	4.546	2.616	-12.947
1565.125	69.6445	8.43	48.805	12.853	12.917	31.214	0.0757	4.533	2.607	-11.824
1565.25	68.327	8.447	47.153	12.84	12.818	37.433	0.0814	4.52	2.598	-10.701
1565.375	68.815	8.464	46.5165	13.253	13.06	44.8285	0.08575	4.3785	2.59	-10.02
1565.5	69.303	8.481	45.88	13.666	13.302	52.224	0.0901	4.237	2.582	-9.339
1565.625	69.53	8.492	44.5615	14.5725	13.936	37.3425	0.07505	4.3275	2.6015	-7.983
1565.75	69.757	8.503	43.243	15.479	14.57	22.461	0.06	4.418	2.621	-6.627
1565.875	67.1	8.5168	41.568	16.236	15.878	28.351	0.05245	4.5745	2.6285	-5.922
1566	64.443	8.5305	39.893	16.993	17.186	34.241	0.0449	4.731	2.636	-5.217
1566.125	64.338	8.5443	42.3565	17.2755	18.013	41.198	0.0513	4.812	2.6335	-4.3875
1566.25	64.233	8.558	44.82	17.558	18.84	48.155	0.0577	4.893	2.631	-3.558
1566.375	64.853	8.5745	48.8705	16.542	18.4895	66.7685	0.06835	4.48	2.641	-2.7115
1566.5	65.473	8.591	52.921	15.526	18.139	85.382	0.079	4.067	2.651	-1.865
1566.625	66.1835	8.6215	56.565	12.3215	14.0785	52.1635	0.0888	3.957	2.6565	-0.8135
1566.75	66.894	8.652	60.209	9.117	10.018	18.945	0.0986	3.847	2.662	0.238
1566.875	67.6805	8.662	66.117	8.942	9.378	26.6605	0.10705	3.9855	2.655	1.0115
1567	68.467	8.672	72.025	8.767	8.738	34.376	0.1155	4.124	2.648	1.785
1567.125	69.127	8.6235	71.053	8.8775	8.856	21.8885	0.10005	4.2155	2.6515	2.574
1567.25	69.787	8.575	70.081	8.988	8.974	9.401	0.0846	4.307	2.655	3.363
1567.375	69.2685	8.5765	62.944	10.3305	9.6705	13.3305	0.062	4.528	2.6615	4.4405
1567.5	68.75	8.578	55.807	11.673	10.367	17.26	0.0394	4.749	2.668	5.518
1567.625	66.4555	8.5567	50.2055	13.0835	11.962	22.0585	0.03975	4.6595	2.6695	5.551
1567.75	64.161	8.5355	44.604	14.494	13.557	26.857	0.0401	4.57	2.671	5.584
1567.875	62.9515	8.5142	45.1255	15.6715	14.348	67.4335	0.0508	4.542	2.6775	5.9895
1568	61.742	8.493	45.647	16.849	15.139	108.01	0.0615	4.514	2.684	6.395
1568.125	62.353	8.495	46.9285	12.6925	14.533	65.188	0.06795	4.2645	2.6735	6.5235
1568.25	62.964	8.497	48.21	8.536	13.927	22.366	0.0744	4.015	2.663	6.652
1568.375	64.775	8.4827	53.29	8.9205	14.0825	25.282	0.0927	3.887	2.641	7.1128
1568.5	66.586	8.4685	58.37	9.305	14.238	28.198	0.111	3.759	2.619	7.5735
1568.625	68.9895	8.4543	61.847	7.3645	9.6325	17.902	0.1267	3.8785	2.6085	8.0343
1568.75	71.393	8.44	65.324	5.424	5.027	7.606	0.1424	3.998	2.598	8.495
1568.875	73.1555	8.51	66.4625	4.8685	4.992	9.128	0.14845	4.0715	2.614	9.0685
1569	74.918	8.58	67.601	4.313	4.957	10.65	0.1545	4.145	2.63	9.642
1569.125	75.447	8.6635	65.768	4.285	4.6155	12.429	0.14695	3.9355	2.6375	10.268
1569.25	75.976	8.747	63.935	4.257	4.274	14.208	0.1394	3.726	2.645	10.894
1569.375	76.4115	8.671	64.559	4.4495	4.443	9.353	0.1299	3.867	2.6425	11.0875
1569.5	76.847	8.595	65.183	4.642	4.612	4.498	0.1204	4.008	2.64	11.281
1569.625	76.582	8.5975	63.1265	5.1155	5.0715	7.137	0.1233	4.0025	2.6385	11.475
1569.75	76.317	8.6	61.07	5.589	5.531	9.776	0.1262	3.997	2.637	11.669
1569.875	74.4705	8.6065	61.1	5.744	5.845	9.7175	0.1357	3.9215	2.6165	11.9135
1570	72.624	8.613	61.13	5.899	6.159	9.659	0.1452	3.846	2.596	12.158
1570.125	73.416	8.638	66.9185	5.4605	6.302	12.698	0.1497	3.838	2.6025	12.5175
1570.25	74.208	8.663	72.707	5.022	6.445	15.737	0.1542	3.83	2.609	12.877
1570.375	75.533	8.8025	75.131	4.8435	5.412	12.728	0.15495	3.8095	2.611	12.9855
1570.5	76.858	8.942	77.555	4.665	4.379	9.719	0.1557	3.789	2.613	13.094
1570.625	77.2855	8.8385	76.862	4.403	4.328	7.539	0.15095	3.8715	2.6075	13.3855
1570.75	77.713	8.735	76.169	4.141	4.277	5.359	0.1462	3.954	2.602	13.677
1570.875	77.8415	8.559	73.986	4.3245	4.3795	5.18	0.1419	3.8595	2.614	13.722
1571	77.97	8.383	71.803	4.508	4.482	5.001	0.1376	3.765	2.626	13.767
1571.125	78.161	8.363	69.832	4.732	4.699	6.1835	0.1215	3.814	2.6455	13.9375
1571.25	78.352	8.343	67.861	4.956	4.916	7.366	0.1054	3.863	2.665	14.108
1571.375	76.262	8.345	62.5955	5.331	5.197	8.8545	0.10505	3.9715	2.6555	14.1605
1571.5	74.172	8.347	57.33	5.706	5.478	10.343	0.1047	4.08	2.646	14.213
1571.625	72.3765	8.353	54.762	5.996	5.9295	14.57	0.0923	4.096	2.6555	14.355
1571.75	70.581	8.359	52.194	6.286	6.381	18.797	0.0799	4.112	2.665	14.497
1571.875	69.3465	8.36	52.496	6.7935	6.89	14.902	0.06975	4.0255	2.666	14.688
1572	68.112	8.361	52.798	7.301	7.399	11.007	0.0596	3.939	2.667	14.879
1572.125	67.505	8.3555	46.2815	8.0085	8.0485	14.7415	0.0635	3.882	2.671	14.614
1572.25	66.898	8.35	39.765	8.716	8.698	18.476	0.0674	3.825	2.675	14.349
1572.375	65.8525	8.3445	36.8705	9.3605	9.2915	19.922	0.0708	3.8975	2.6685	13.4365
1572.5	64.807	8.339	33.976	10.005	9.885	21.368	0.0742	3.97	2.662	12.524
1572.625	64.898	8.343	34.988	10.7805	10.2495	20.126	0.0746	3.999	2.6895	11.6115
1572.75	64.989	8.347	36	11.556	10.614	18.884	0.075	4.028	2.717	10.699
1572.875	64.6795	8.3305	36.931	13.8965	11.5615	18.679	0.0747	4.1775	2.7185	9.7871
1573	64.37	8.314	37.862	16.237	12.509	18.474	0.0744	4.327	2.72	8.8752
1573.125	64.0985	8.3175	38.6505	18.578	15.1225	27.9125	0.0747	4.4505	2.661	7.9629
1573.25	63.827	8.321	39.439	20.919	17.736	37.351	0.075	4.574	2.602	7.0506
1573.375	64.3165	8.3092	37.174	26.093	24.3575	48.4	0.0737	4.6685	2.5695	6.1383
1573.5	64.806	8.2975	34.909	31.267	30.979	59.449	0.0724	4.763	2.537	5.226
1573.625	64.79	8.2857	30.3755	35.512	34.2575	57.2935	0.0756	4.4885	2.5385	5.8825
1573.75	64.774	8.274	25.842	39.757	37.536	55.138	0.0788	4.214	2.54	6.539
1573.875	64.123	8.294	25.33	42.374	40.202	60.1615	0.07935	4.2335	2.554	5.573
1574	63.472	8.314	24.818	44.991	42.868	65.185	0.0799	4.253	2.568	4.607
1574.125	64.202	8.338	26.1615	40.6305	38.002	77.0975	0.0754	4.316	2.5905	3.776
1574.25	64.932	8.362	27.505	36.27	33.136	89.01	0.0709	4.379	2.613	2.945
1574.375	64.3605	8.3855	30.59	31.91	32.3975	94.4555	0.07045	4.365	2.63	2.7915
1574.5	63.789	8.409	33.675	27.55	31.659	99.901	0.07	4.351	2.647	2.638
1574.625	63.003	8.386	37.432	23.19	25.6005	80.104	0.0682	4.374	2.654	2.915
1574.75	62.217	8.363	41.189	18.83	19.542	60.307	0.0664	4.397	2.661	3.192
1574.875	62.081	8.4105	42.7335	19.0055	19.881	51.236	0.0601	4.423	2.657	3.4675
1575	61.945	8.458	44.278	19.181	20.22	42.165	0.0538	4.449	2.653	3.743
1575.125	61.972	8.548	43.5765	19.0415	19.9455	44.475	0.0554	4.3375	2.6465	4.3695
1575.25	61.999	8.638	42.875	18.902	19.671	46.785	0.057	4.226	2.64	4.996
1575.375	63.3675	8.675	44.34	15.762	17.031	56.197	0.0658	4.183	2.6265	5.5515
1575.5	64.736	8.712	45.805	12.622	14.391	65.609	0.0746	4.14	2.613	6.107
1575.625	65.616	8.604	52.169	11.364	12.3635	40.1835	0.07695	4.07	2.6185	6.645
1575.75	66.496	8.496	58.533	10.106	10.336	14.758	0.0793	4	2.624	7.183
1575.875	66.531	8.5075	59.777	10.445	10.1205	14.1295	0.07855	3.759	2.6395	7.513
1576	66.566	8.519	61.021	10.784	9.905	13.501	0.0778	3.518	2.655	7.843
1576.125	65.6485	8.5475	57.1745	11.707	10.3015	18.7655	0.0694	3.522	2.651	7.948
1576.25	64.731	8.576	53.328	12.63	10.698	24.03	0.061	3.526	2.647	8.053
1576.375	64.1755	8.6045	52.8065	12.7075	11.1595	33.0875	0.0567	3.831	2.65	8.103
1576.5	63.62	8.633	52.285	12.785	11.621	42.145	0.0524	4.136	2.653	8.153
1576.625	63.6225	8.634	54.149	11.488	11.4635	37.4855	0.0603	3.914	2.645	8.2375
1576.75	63.625	8.635	56.013	10.191	11.306	32.826	0.0682	3.692	2.637	8.322
1576.875	64.584	8.638	56.2735	9.6855	9.8595	26.4385	0.07555	3.765	2.634	8.813
1577	65.543	8.641	56.534	9.18	8.413	20.051	0.0829	3.838	2.631	9.304
1577.125	66.318	8.6505	57.1655	9.231	8.5615	26.854	0.08045	4.118	2.645	9.9405
1577.25	67.093	8.66	57.797	9.282	8.71	33.657	0.078	4.398	2.659	10.577
1577.375	67.044	8.722	57.8845	9.4245	8.973	23.1005	0.07785	3.9335	2.652	11.0295
1577.5	66.995	8.784	57.972	9.567	9.236	12.544	0.0777	3.469	2.645	11.482
1577.625	68.2375	8.849	63.7125	10.1725	9.5135	14.5925	0.09925	3.491	2.6265	12.0985
1577.75	69.48	8.914	69.453	10.778	9.791	16.641	0.1208	3.513	2.608	12.715
1577.875	72.2545	8.919	75.105	7.9755	7.413	10.3145	0.13345	3.698	2.6305	12.8755
1578	75.029	8.924	80.757	5.173	5.035	3.988	0.1461	3.883	2.653	13.036
1578.125	75.1065	8.9445	81.676	4.993	4.946	10.468	0.1519	3.7545	2.633	13.3775
1578.25	75.184	8.965	82.595	4.813	4.857	16.948	0.1577	3.626	2.613	13.719
1578.375	75.355	8.9365	85.836	4.908	4.8965	20.9755	0.16235	3.842	2.659	13.7435
1578.5	75.526	8.908	89.077	5.003	4.936	25.003	0.167	4.058	2.705	13.768
1578.625	75.989	8.816	93.0875	4.838	4.9305	15.613	0.17545	3.941	2.7145	13.8355
1578.75	76.452	8.724	97.098	4.673	4.925	6.223	0.1839	3.824	2.724	13.903
1578.875	77.17	8.758	107.149	4.598	4.608	6.7595	0.2039	3.29	2.7585	13.9365
1579	77.888	8.792	117.2	4.523	4.291	7.296	0.2239	2.756	2.793	13.97
1579.125	81.1665	8.9475	128.39	4.183	4.2805	8.4725	0.2295	2.739	2.658	14.007
1579.25	84.445	9.103	139.58	3.843	4.27	9.649	0.2351	2.722	2.523	14.044
1579.375	86.666	8.888	140.6	3.399	3.7275	6.9245	0.2303	2.749	2.5365	14.36
1579.5	88.887	8.673	141.62	2.955	3.185	4.2	0.2255	2.776	2.55	14.676
1579.625	89.4185	8.686	145.51	3.0115	3.095	5.1955	0.2205	2.77	2.548	14.7905
1579.75	89.95	8.699	149.4	3.068	3.005	6.191	0.2155	2.764	2.546	14.905
1579.875	89.7685	8.754	138.125	3.1415	3.1085	5.7755	0.21675	2.7705	2.548	15.1685
1580	89.587	8.809	126.85	3.215	3.212	5.36	0.218	2.777	2.55	15.432
1580.125	90.4685	8.8885	126.445	3.3095	3.2845	5.86	0.22695	2.7695	2.5255	15.4945
1580.25	91.35	8.968	126.04	3.404	3.357	6.36	0.2359	2.762	2.501	15.557
1580.375	92.3555	9.008	128.77	3.1645	3.2115	5.562	0.24885	2.717	2.5015	15.655
1580.5	93.361	9.048	131.5	2.925	3.066	4.764	0.2618	2.672	2.502	15.753
1580.625	93.7535	8.962	130.9	2.9985	3.081	5.074	0.24735	2.765	2.5345	15.8715
1580.75	94.146	8.876	130.3	3.072	3.096	5.384	0.2329	2.858	2.567	15.99
1580.875	92.922	8.82	129.49	3.153	3.2105	5.324	0.2114	2.899	2.5925	16.148
1581	91.698	8.764	128.68	3.234	3.325	5.264	0.1899	2.94	2.618	16.306
1581.125	89.252	8.9065	122.195	3.3275	3.3575	7.6855	0.2063	2.8815	2.5735	16.4645
1581.25	86.806	9.049	115.71	3.421	3.39	10.107	0.2227	2.823	2.529	16.623
1581.375	87.7435	9.0685	120.96	3.0915	3.1575	12.7195	0.24695	2.8085	2.531	16.7815
1581.5	88.681	9.088	126.21	2.762	2.925	15.332	0.2712	2.794	2.533	16.94
1581.625	90.5665	9.0145	130.945	2.661	2.8785	9.56	0.2849	2.7155	2.54	16.943
1581.75	92.452	8.941	135.68	2.56	2.832	3.788	0.2986	2.637	2.547	16.946
1581.875	93.2515	9.0015	139.83	2.6905	2.825	3.796	0.27745	2.647	2.5655	16.8925
1582	94.051	9.062	143.98	2.821	2.818	3.804	0.2563	2.657	2.584	16.839
1582.125	93.6895	8.919	126.135	3.0695	3.1595	4.7503	0.2144	2.6705	2.5825	17.114
1582.25	93.328	8.776	108.29	3.318	3.501	5.6966	0.1725	2.684	2.581	17.389
1582.375	90.8735	8.669	102.743	4.0665	4.1702	6.643	0.1539	2.6565	2.582	16.315
1582.5	88.419	8.562	97.196	4.815	4.8395	7.5893	0.1353	2.629	2.583	15.241
1582.625	83.18	8.5625	91.209	5.5635	5.5087	8.5357	0.12305	2.649	2.5855	15.5455
1582.75	77.941	8.563	85.222	6.312	6.178	9.482	0.1108	2.669	2.588	15.85
1582.875	75.804	8.5585	77.3125	6.378	6.3585	10.8145	0.11075	2.6425	2.5805	15.017
1583	73.667	8.554	69.403	6.444	6.539	12.147	0.1107	2.616	2.573	14.184
1583.125	73.9935	8.5495	74.41	6.527	6.6295	13.735	0.11705	2.718	2.5795	13.459
1583.25	74.32	8.545	79.417	6.61	6.72	15.323	0.1234	2.82	2.586	12.734
1583.375	74.9575	8.5455	82.6085	7.011	6.753	12.762	0.1227	3.0855	2.601	12.7495
1583.5	75.595	8.546	85.8	7.412	6.786	10.201	0.122	3.351	2.616	12.765
1583.625	74.5235	8.5397	76.605	8.2145	7.3635	18.616	0.1008	3.383	2.628	12.681
1583.75	73.452	8.5335	67.41	9.017	7.941	27.031	0.0796	3.415	2.64	12.597
1583.875	69.913	8.5273	65.601	9.277	8.6725	35.446	0.0873	3.137	2.6265	12.671
1584	66.374	8.521	63.792	9.537	9.404	43.861	0.095	2.859	2.613	12.745
1584.125	68.1185	8.5265	68.6815	8.6875	8.6245	54.1445	0.11645	2.8175	2.601	12.8645
1584.25	69.863	8.532	73.571	7.838	7.845	64.428	0.1379	2.776	2.589	12.984
1584.375	73.535	8.5392	79.3755	6.8965	6.2815	37.917	0.16215	2.715	2.5805	13.158
1584.5	77.207	8.5465	85.18	5.955	4.718	11.406	0.1864	2.654	2.572	13.332
1584.625	80.985	8.5538	92.0525	5.0135	4.5865	13.4825	0.19245	2.684	2.576	13.372
1584.75	84.763	8.561	98.925	4.072	4.455	15.559	0.1985	2.714	2.58	13.412
1584.875	85.665	8.569	101.7875	3.965	4.0565	10.6295	0.19455	2.767	2.581	13.7905
1585	86.567	8.577	104.65	3.858	3.658	5.7	0.1906	2.82	2.582	14.169
1585.125	86.206	8.587	102.72	4.102	3.7905	5.765	0.17965	2.8495	2.588	14.1935
1585.25	85.845	8.597	100.79	4.346	3.923	5.83	0.1687	2.879	2.594	14.218
1585.375	84.448	8.607	93.843	4.8795	4.48	7.3015	0.1603	2.959	2.5965	14.0635
1585.5	83.051	8.617	86.896	5.413	5.037	8.773	0.1519	3.039	2.599	13.909
1585.625	81.7725	8.6295	87.495	5.9305	5.829	12.059	0.1672	3.0415	2.58	13.7545
1585.75	80.494	8.642	88.094	6.448	6.621	15.345	0.1825	3.044	2.561	13.6
1585.875	81.8315	8.6225	94.327	6.4485	6.858	18.689	0.1935	3.019	2.548	13.652
1586	83.169	8.603	100.56	6.449	7.095	22.033	0.2045	2.994	2.535	13.704
1586.125	84.232	8.5835	104.025	5.471	5.9945	14.6345	0.2068	2.9495	2.5395	13.459
1586.25	85.295	8.564	107.49	4.493	4.894	7.236	0.2091	2.905	2.544	13.214
1586.375	85.1085	8.5445	109.22	4.3355	4.769	7.493	0.21025	3.026	2.5645	13.4075
1586.5	84.922	8.525	110.95	4.178	4.644	7.75	0.2114	3.147	2.585	13.601
1586.625	84.4835	8.5055	110.01	4.2035	4.5	8.513	0.20995	3.2055	2.5815	13.85
1586.75	84.045	8.486	109.07	4.229	4.356	9.276	0.2085	3.264	2.578	14.099
1586.875	84.5805	8.4915	114.12	4.059	4.2835	10.234	0.2141	3.166	2.565	14.348
1587	85.116	8.497	119.17	3.889	4.211	11.192	0.2197	3.068	2.552	14.597
1587.125	86.406	8.5051	124.13	3.9475	4.2405	9.346	0.23755	3.0655	2.542	14.604
1587.25	87.696	8.5133	129.09	4.006	4.27	7.5	0.2554	3.063	2.532	14.611
1587.375	89.362	8.5215	129.52	3.7205	4.0595	8.0835	0.266	3.034	2.5305	14.5785
1587.5	91.028	8.5296	129.95	3.435	3.849	8.667	0.2766	3.005	2.529	14.546
1587.625	91.9425	8.5378	129.22	3.482	3.6385	7.1055	0.27875	2.9945	2.534	14.5555
1587.75	92.857	8.546	128.49	3.529	3.428	5.544	0.2809	2.984	2.539	14.565
1587.875	93.0195	8.596	127.805	3.296	3.452	6.0745	0.26965	3.0035	2.546	14.508
1588	93.182	8.646	127.12	3.063	3.476	6.605	0.2584	3.023	2.553	14.451
1588.125	93.0375	8.7055	129.225	3.0775	3.4665	5.899	0.2634	2.906	2.5315	14.5385
1588.25	92.893	8.765	131.33	3.092	3.457	5.193	0.2684	2.789	2.51	14.626
1588.375	93.16	8.728	130.755	3.0115	3.2675	5.2015	0.27495	2.796	2.5085	14.225
1588.5	93.427	8.691	130.18	2.931	3.078	5.21	0.2815	2.803	2.507	13.824
1588.625	93.6795	8.692	132.37	2.949	3.033	4.3595	0.2826	2.7515	2.52	13.9235
1588.75	93.932	8.693	134.56	2.967	2.988	3.509	0.2837	2.7	2.533	14.023
1588.875	93.988	8.69	130.995	2.987	2.986	4.4885	0.2819	2.6735	2.523	13.819
1589	94.044	8.687	127.43	3.007	2.984	5.468	0.2801	2.647	2.513	13.615
1589.125	94.036	8.6925	129.28	3.024	3.003	4.9035	0.27265	2.6985	2.521	13.481
1589.25	94.028	8.698	131.13	3.041	3.022	4.339	0.2652	2.75	2.529	13.347
1589.375	94.0965	8.7105	134.265	3.043	3.04	4.604	0.26655	2.8275	2.5255	13.3795
1589.5	94.165	8.723	137.4	3.045	3.058	4.869	0.2679	2.905	2.522	13.412
1589.625	93.52	8.7415	137.175	3.05	3.079	4.9595	0.27375	2.888	2.524	13.5865
1589.75	92.875	8.76	136.95	3.055	3.1	5.05	0.2796	2.871	2.526	13.761
1589.875	92.82	8.6825	135.635	3.116	3.1575	5.318	0.28475	3.214	2.542	13.9355
1590	92.765	8.605	134.32	3.177	3.215	5.586	0.2899	3.557	2.558	14.11
1590.125	93.5215	8.6305	131.565	3.374	3.387	5.072	0.2591	4.043	2.5775	14.222
1590.25	94.278	8.656	128.81	3.571	3.559	4.558	0.2283	4.529	2.597	14.334
1590.375	92.6305	8.586	130.235	4.8215	4.4925	10.6345	0.1818	4.704	2.616	13.931
1590.5	90.983	8.516	131.66	6.072	5.426	16.711	0.1353	4.879	2.635	13.528
1590.625	83.684	8.479	106.337	8.14	6.3315	26.49	0.12485	4.8555	2.634	13.946
1590.75	76.385	8.442	81.014	10.208	7.237	36.269	0.1144	4.832	2.633	14.364
1590.875	74.3675	8.405	77.0245	11.6325	9.8595	44.119	0.1161	4.8095	2.6065	13.1015
1591	72.35	8.368	73.035	13.057	12.482	51.969	0.1178	4.787	2.58	11.839
1591.125	72.0305	8.376	77.7605	14.229	14.1045	41.2845	0.13505	5.015	2.5895	11.167
1591.25	71.711	8.384	82.486	15.401	15.727	30.6	0.1523	5.243	2.599	10.495
1591.375	73.1865	8.3475	84.0135	15.202	15.661	22.511	0.1586	4.847	2.6245	10.576
1591.5	74.662	8.311	85.541	15.003	15.595	14.422	0.1649	4.451	2.65	10.657
1591.625	76.3035	8.3155	88.3995	12.9675	13.047	31.4205	0.18115	3.891	2.638	11.054
1591.75	77.945	8.32	91.258	10.932	10.499	48.419	0.1974	3.331	2.626	11.451
1591.875	79.516	8.3295	99.014	7.971	7.915	28.3545	0.2021	3.4555	2.6105	11.6335
1592	81.087	8.339	106.77	5.01	5.331	8.29	0.2068	3.58	2.595	11.816
1592.125	82.6335	8.3965	109.335	4.7755	5.5185	8.487	0.21055	3.7655	2.591	12.1295
1592.25	84.18	8.454	111.9	4.541	5.706	8.684	0.2143	3.951	2.587	12.443
1592.375	85.0715	8.518	110.095	4.422	5.1275	14.8185	0.21755	4.085	2.597	12.696
1592.5	85.963	8.582	108.29	4.303	4.549	20.953	0.2208	4.219	2.607	12.949
1592.625	86.4035	8.595	113.195	4.2695	4.374	14.5065	0.213	4.003	2.6125	12.651
1592.75	86.844	8.608	118.1	4.236	4.199	8.06	0.2052	3.787	2.618	12.353
1592.875	87.0565	8.6315	112.695	4.395	4.3385	9.7885	0.20475	3.6775	2.5965	12.4025
1593	87.269	8.655	107.29	4.554	4.478	11.517	0.2043	3.568	2.575	12.452
1593.125	84.922	8.6595	109.05	4.6775	4.64	9.3675	0.20285	3.603	2.576	12.5305
1593.25	82.575	8.664	110.81	4.801	4.802	7.218	0.2014	3.638	2.577	12.609
1593.375	82.3825	8.6915	113.415	4.8795	4.9005	9.022	0.209	3.5085	2.5745	12.967
1593.5	82.19	8.719	116.02	4.958	4.999	10.826	0.2166	3.379	2.572	13.325
1593.625	83.0155	8.723	111.88	4.6765	4.8275	9.114	0.23025	3.4365	2.5755	13.835
1593.75	83.841	8.727	107.74	4.395	4.656	7.402	0.2439	3.494	2.579	14.345
1593.875	84.992	8.7555	115.05	3.976	4.6355	7.125	0.24625	3.292	2.5715	14.816
1594	86.143	8.784	122.36	3.557	4.615	6.848	0.2486	3.09	2.564	15.287
1594.125	87.261	8.8	123.855	3.4845	4.11	6.371	0.2504	3.073	2.5715	15.5845
1594.25	88.379	8.816	125.35	3.412	3.605	5.894	0.2522	3.056	2.579	15.882
1594.375	89.042	8.759	126.57	3.602	3.521	6.2585	0.2282	3.4335	2.6175	15.964
1594.5	89.705	8.702	127.79	3.792	3.437	6.623	0.2042	3.811	2.656	16.046
1594.625	86.817	8.746	131.91	4.1485	3.6635	6.2045	0.20015	3.3865	2.6425	16.1705
1594.75	83.929	8.79	136.03	4.505	3.89	5.786	0.1961	2.962	2.629	16.295
1594.875	81.6635	8.689	126.97	5.27	4.5065	6.8675	0.167	2.867	2.593	16.0695
1595	79.398	8.588	117.91	6.035	5.123	7.949	0.1379	2.772	2.557	15.844
1595.125	77.7315	8.5847	101.103	6.325	5.9225	11.4795	0.14785	2.69	2.5545	15.8945
1595.25	76.065	8.5813	84.296	6.615	6.722	15.01	0.1578	2.608	2.552	15.945
1595.375	77.7575	8.5779	88.8555	6.494	6.4225	11.4175	0.16095	2.5725	2.5535	15.7455
1595.5	79.45	8.5746	93.415	6.373	6.123	7.825	0.1641	2.537	2.555	15.546
1595.625	80.068	8.5713	94.7545	5.6875	5.628	7.8058	0.16495	2.5365	2.5585	15.6545
1595.75	80.686	8.568	96.094	5.002	5.133	7.7866	0.1658	2.536	2.562	15.763
1595.875	79.926	8.5678	93.437	4.9005	5.096	7.7675	0.1615	2.512	2.566	15.8715
1596	79.166	8.5676	90.78	4.799	5.059	7.7483	0.1572	2.488	2.57	15.98
1596.125	79.1605	8.5674	94.6285	4.7282	4.983	7.7291	0.157	2.4415	2.5675	16.0885
1596.25	79.155	8.5673	98.477	4.6575	4.907	7.71	0.1568	2.395	2.565	16.197
1596.375	79.7005	8.5672	102.5135	4.5868	4.8865	8.212	0.1629	2.366	2.5635	16.306
1596.5	80.246	8.567	106.55	4.516	4.866	8.714	0.169	2.337	2.562	16.415
1596.625	80.4135	8.568	105.77	4.5575	4.8265	8.9335	0.17185	2.354	2.5715	16.4385
1596.75	80.581	8.569	104.99	4.599	4.787	9.153	0.1747	2.371	2.581	16.462
1596.875	80.822	8.5655	104.925	4.699	4.7945	8.7375	0.17	2.4195	2.588	16.3275
1597	81.063	8.562	104.86	4.799	4.802	8.322	0.1653	2.468	2.595	16.193
1597.125	80.47	8.5585	102.78	4.8325	4.836	8.36	0.1603	2.443	2.5755	16.059
1597.25	79.877	8.555	100.7	4.866	4.87	8.398	0.1553	2.418	2.556	15.925
1597.375	79.3665	8.5515	98.8905	4.996	4.953	8.936	0.1549	2.483	2.5605	15.985
1597.5	78.856	8.548	97.081	5.126	5.036	9.474	0.1545	2.548	2.565	16.045
1597.625	78.4655	8.5445	96.271	5.379	5.1915	9.854	0.1487	2.6345	2.582	15.8415
1597.75	78.075	8.541	95.461	5.632	5.347	10.234	0.1429	2.721	2.599	15.638
1597.875	77.368	8.5375	97.8955	5.7045	5.663	10.8075	0.14365	2.747	2.604	15.7125
1598	76.661	8.534	100.33	5.777	5.979	11.381	0.1444	2.773	2.609	15.787
1598.125	76.6775	8.5305	101.255	5.533	5.923	19.801	0.152	2.708	2.608	15.8615
1598.25	76.694	8.527	102.18	5.289	5.867	28.221	0.1596	2.643	2.607	15.936
1598.375	76.447	8.5235	101.49	5.295	5.772	18.9045	0.1645	2.6895	2.596	15.9645
1598.5	76.2	8.52	100.8	5.301	5.677	9.588	0.1694	2.736	2.585	15.993
1598.625	77.0935	8.5245	102.17	5.3795	5.5895	8.855	0.1785	2.8315	2.5915	16.0385
1598.75	77.987	8.529	103.54	5.458	5.502	8.122	0.1876	2.927	2.598	16.084
1598.875	78.4795	8.5369	102.36	5.644	5.7675	10.6935	0.17335	2.9765	2.5845	16.134
1599	78.972	8.5448	101.18	5.83	6.033	13.265	0.1591	3.026	2.571	16.184
1599.125	80.232	8.5527	97.4715	6.1175	5.715	9.1345	0.18455	2.958	2.5455	16.2935
1599.25	81.492	8.5606	93.763	6.405	5.397	5.004	0.21	2.89	2.52	16.403
1599.375	83.613	8.5685	100.1065	4.961	5.5825	5.0425	0.2167	2.733	2.518	16.451
1599.5	85.734	8.5764	106.45	3.517	5.768	5.081	0.2234	2.576	2.516	16.499
1599.625	86.263	8.5843	113.23	3.405	4.5875	4.532	0.2317	2.5485	2.5215	16.8885
1599.75	86.792	8.5922	120.01	3.293	3.407	3.983	0.24	2.521	2.527	17.278
1599.875	85.974	8.6001	125.235	3.2585	3.348	4.25	0.2483	2.513	2.5215	17.37
1600	85.156	8.608	130.46	3.224	3.289	4.517	0.2566	2.505	2.516	17.462
1600.125	86.14	8.6155	131.37	3.1295	3.219	3.6865	0.2631	2.577	2.5255	17.0415
1600.25	87.124	8.623	132.28	3.035	3.149	2.856	0.2696	2.649	2.535	16.621
1600.375	87.555	8.602	130.32	3.1345	3.256	2.9085	0.26045	2.6705	2.5665	16.647
1600.5	87.986	8.581	128.36	3.234	3.363	2.961	0.2513	2.692	2.598	16.673
1600.625	86.0745	8.56	123.735	3.4715	3.5625	3.4075	0.2316	2.6865	2.595	16.7705
1600.75	84.163	8.539	119.11	3.709	3.762	3.854	0.2119	2.681	2.592	16.868
1600.875	83.542	8.54	117.71	3.8685	3.894	4.127	0.224	2.6935	2.5785	17.121
1601	82.921	8.541	116.31	4.028	4.026	4.4	0.2361	2.706	2.565	17.374
1601.125	84.3935	8.5445	118.615	4.099	3.991	4.0765	0.2494	2.714	2.541	17.5525
1601.25	85.866	8.548	120.92	4.17	3.956	3.753	0.2627	2.722	2.517	17.731
1601.375	88.199	8.5515	122.045	3.835	3.823	4.7295	0.28655	2.77	2.4905	17.295
1601.5	90.532	8.555	123.17	3.5	3.69	5.706	0.3104	2.818	2.464	16.859
1601.625	92.738	8.5585	129.505	3.4795	3.656	5.2785	0.31685	2.9025	2.4615	16.5535
1601.75	94.944	8.562	135.84	3.459	3.622	4.851	0.3233	2.987	2.459	16.248
1601.875	95.896	8.574	137.915	3.526	3.759	5.6155	0.3015	3.043	2.466	15.943
1602	96.848	8.586	139.99	3.593	3.896	6.38	0.2797	3.099	2.473	15.638
1602.125	97.536	8.5443	133.48	3.778	4.075	6.8965	0.27385	3.0555	2.474	15.7225
1602.25	98.224	8.5025	126.97	3.963	4.254	7.413	0.268	3.012	2.475	15.807
1602.375	95.486	8.4607	122.965	4.2245	4.451	9.998	0.27285	2.981	2.4845	15.428
1602.5	92.748	8.419	118.96	4.486	4.648	12.583	0.2777	2.95	2.494	15.049
1602.625	91.2135	8.4195	118.885	4.696	4.8765	10.5215	0.25845	3.006	2.495	15.1665
1602.75	89.679	8.42	118.81	4.906	5.105	8.46	0.2392	3.062	2.496	15.284
1602.875	87.4535	8.4237	117.42	4.9885	5.2705	9.5265	0.2369	2.9585	2.4945	14.7535
1603	85.228	8.4275	116.03	5.071	5.436	10.593	0.2346	2.855	2.493	14.223
1603.125	85.224	8.4312	117.23	5.0315	5.4605	10.2265	0.23745	2.9615	2.499	14.287
1603.25	85.22	8.435	118.43	4.992	5.485	9.86	0.2403	3.068	2.505	14.351
1603.375	85.844	8.4355	122.395	5.0715	5.4275	9.909	0.2433	3.2105	2.4995	13.813
1603.5	86.468	8.436	126.36	5.151	5.37	9.958	0.2463	3.353	2.494	13.275
1603.625	87.256	8.3965	123.435	5.009	5.2775	10.731	0.25835	3.043	2.499	13.2835
1603.75	88.044	8.357	120.51	4.867	5.185	11.504	0.2704	2.733	2.504	13.292
1603.875	88.511	8.3625	132.675	4.8935	5.159	10.0795	0.2795	2.6735	2.5055	12.987
1604	88.978	8.368	144.84	4.92	5.133	8.655	0.2886	2.614	2.507	12.682
1604.125	89.2435	8.241	139.22	5.0195	5.2295	8.4385	0.24165	2.4325	2.485	13.7845
1604.25	89.509	8.114	133.6	5.119	5.326	8.222	0.1947	2.251	2.463	14.887
1604.375	88.391	8.1565	126.625	5.283	5.474	10.1195	0.1866	2.214	2.4515	12.143
1604.5	87.273	8.199	119.65	5.447	5.622	12.017	0.1785	2.177	2.44	9.399
1604.625	85.0265	8.0705	103.721	4.964	5.268	10.1545	0.17965	2.1805	2.422	6.655
1604.75	82.78	7.942	87.792	4.481	4.914	8.292	0.1808	2.184	2.404	3.911
1604.875	83.378	7.918	77.065	3.9705	4.77	8.7595	0.18045	2.183	2.405	2.6555
1605	83.976	7.894	66.338	3.46	4.626	9.227	0.1801	2.182	2.406	1.4
1605.125	84.014	7.8995	57.5035	3.476	4.437	8.2945	0.17745	2.1775	2.4185	-3.253
1605.25	84.052	7.905	48.669	3.492	4.248	7.362	0.1748	2.173	2.431	-7.906
1605.375	83.7035	7.9098	48.912	3.393	3.9415	7.4995	0.16635	2.2245	2.4425	-8.2665
1605.5	83.355	7.9146	49.155	3.294	3.635	7.637	0.1579	2.276	2.454	-8.627
1605.625	83.0165	7.9194	47.526	3.354	3.6375	7.4245	0.1596	2.3195	2.4565	-9.831
1605.75	82.678	7.9243	45.897	3.414	3.64	7.212	0.1613	2.363	2.459	-11.035
1605.875	82.3765	7.9292	45.007	3.453	3.694	7.2625	0.16635	2.3765	2.438	-11.691
1606	82.075	7.934	44.117	3.492	3.748	7.313	0.1714	2.39	2.417	-12.347
1606.125	82.222	7.9435	46.263	3.542	3.7945	7.427	0.1744	2.392	2.418	-12.2755
1606.25	82.369	7.953	48.409	3.592	3.841	7.541	0.1774	2.394	2.419	-12.204
1606.375	82.673	7.9565	48.7355	3.6525	3.899	7.2405	0.16185	2.435	2.4285	-12.122
1606.5	82.977	7.96	49.062	3.713	3.957	6.94	0.1463	2.476	2.438	-12.04
1606.625	82.8915	7.983	50.5885	3.777	4.0335	7.0565	0.14625	2.543	2.45	-11.488
1606.75	82.806	8.006	52.115	3.841	4.11	7.173	0.1462	2.61	2.462	-10.936
1606.875	81.646	8.0057	54.9185	3.9155	4.249	7.495	0.15295	2.6485	2.467	-9.948
1607	80.486	8.0055	57.722	3.99	4.388	7.817	0.1597	2.687	2.472	-8.96
1607.125	80.2315	8.0052	61.237	4.0805	4.4025	7.962	0.1727	2.623	2.4685	-8.459
1607.25	79.977	8.005	64.752	4.171	4.417	8.107	0.1857	2.559	2.465	-7.958
1607.375	80.4755	8.011	68.084	4.037	4.4825	8.037	0.188	2.524	2.454	-6.788
1607.5	80.974	8.017	71.416	3.903	4.548	7.967	0.1903	2.489	2.443	-5.618
1607.625	81.637	8.0275	71.9105	3.849	4.2995	7.0375	0.1924	2.585	2.448	-4.6175
1607.75	82.3	8.038	72.405	3.795	4.051	6.108	0.1945	2.681	2.453	-3.617
1607.875	82.7545	8.128	60.974	3.877	4.2145	8.2705	0.1963	2.767	2.4865	-3.5625
1608	83.209	8.218	49.543	3.959	4.378	10.433	0.1981	2.853	2.52	-3.508
1608.125	80.225	8.252	50.917	4.14	4.6005	13.7715	0.16745	2.805	2.523	-4.013
1608.25	77.241	8.286	52.291	4.321	4.823	17.11	0.1368	2.757	2.526	-4.518
1608.375	77.2915	8.3335	57.375	4.6985	4.9575	19.031	0.1426	2.6355	2.518	-3.93
1608.5	77.342	8.381	62.459	5.076	5.092	20.952	0.1484	2.514	2.51	-3.342
1608.625	79.5125	8.5085	71.034	5.316	4.926	27.05	0.17105	2.5505	2.5005	-2.0765
1608.75	81.683	8.636	79.609	5.556	4.76	33.148	0.1937	2.587	2.491	-0.811
1608.875	83.6675	8.7755	90.4695	4.766	4.6865	19.544	0.2135	2.5255	2.5045	2.5575
1609	85.652	8.915	101.33	3.976	4.613	5.94	0.2333	2.464	2.518	5.926
1609.125	86.6175	8.7875	109.905	4.156	4.425	5.6785	0.2226	2.49	2.529	6.3125
1609.25	87.583	8.66	118.48	4.336	4.237	5.417	0.2119	2.516	2.54	6.699
1609.375	87.018	8.684	112.46	4.5145	4.37	6.0685	0.20625	2.532	2.504	7.8375
1609.5	86.453	8.708	106.44	4.693	4.503	6.72	0.2006	2.548	2.468	8.976
1609.625	84.607	8.6985	105.705	4.7195	4.7225	7.2455	0.2125	2.5285	2.472	9.8715
1609.75	82.761	8.689	104.97	4.746	4.942	7.771	0.2244	2.509	2.476	10.767
1609.875	83.3885	8.6795	108.855	4.8485	4.953	6.8255	0.2289	2.5665	2.49	11.1815
1610	84.016	8.67	112.74	4.951	4.964	5.88	0.2334	2.624	2.504	11.596
1610.125	84.919	8.5675	115.385	4.6555	4.881	5.524	0.2388	2.709	2.5225	12.0105
1610.25	85.822	8.465	118.03	4.36	4.798	5.168	0.2442	2.794	2.541	12.425
1610.375	85.776	8.386	119.615	4.412	4.7385	5.326	0.21795	2.6155	2.547	12.547
1610.5	85.73	8.307	121.2	4.464	4.679	5.484	0.1917	2.437	2.553	12.669
1610.625	84.2065	8.3345	112.78	4.7985	4.927	6.256	0.18945	2.3965	2.538	13.1955
1610.75	82.683	8.362	104.36	5.133	5.175	7.028	0.1872	2.356	2.523	13.722
1610.875	80.101	8.239	96.629	5.5505	5.6045	8.46	0.18245	2.3345	2.5165	12.142
1611	77.519	8.116	88.898	5.968	6.034	9.892	0.1777	2.313	2.51	10.562
1611.125	77.6055	8.2925	82.3075	6.188	6.3295	9.4655	0.173	2.319	2.4905	9.1105
1611.25	77.692	8.469	75.717	6.408	6.625	9.039	0.1683	2.325	2.471	7.659
1611.375	78.0595	8.3755	70.3105	6.539	6.737	9.0845	0.16245	2.3245	2.4695	7.9365
1611.5	78.427	8.282	64.904	6.67	6.849	9.13	0.1566	2.324	2.468	8.214
1611.625	78.618	8.295	63.191	6.709	6.871	10.1625	0.16195	2.392	2.4935	7.594
1611.75	78.809	8.308	61.478	6.748	6.893	11.195	0.1673	2.46	2.519	6.974
1611.875	78.837	8.406	71.7805	6.6745	6.6715	10.04	0.1722	2.5825	2.5335	6.7455
1612	78.865	8.504	82.083	6.601	6.45	8.885	0.1771	2.705	2.548	6.517
1612.125	78.8615	8.486	93.5765	6.486	6.2825	9.569	0.18025	2.78	2.552	7.079
1612.25	78.858	8.468	105.07	6.371	6.115	10.253	0.1834	2.855	2.556	7.641
1612.375	79.222	8.5555	106.895	5.687	5.9475	8.988	0.1844	2.8485	2.5505	8.6035
1612.5	79.586	8.643	108.72	5.003	5.78	7.723	0.1854	2.842	2.545	9.566
1612.625	80.166	8.835	105.965	5.0215	5.6125	8.084	0.1871	2.6475	2.5615	11.122
1612.75	80.746	9.027	103.21	5.04	5.445	8.445	0.1888	2.453	2.578	12.678
1612.875	81.3285	9.171	107.51	4.3965	5.379	5.7895	0.2099	2.3445	2.4885	12.9785
1613	81.911	9.315	111.81	3.753	5.313	3.134	0.231	2.236	2.399	13.279
1613.125	82.4775	9.11	126.495	3.664	4.7795	3.558	0.24715	2.3735	2.4605	13.7675
1613.25	83.044	8.905	141.18	3.575	4.246	3.982	0.2633	2.511	2.522	14.256
1613.375	83.4785	8.7045	149.34	3.5495	3.9335	3.9265	0.27035	2.6935	2.537	14.9535
1613.5	83.913	8.504	157.5	3.524	3.621	3.871	0.2774	2.876	2.552	15.651
1613.625	84.179	8.5315	162.175	3.589	3.6255	4.111	0.27155	2.8195	2.563	15.718
1613.75	84.445	8.559	166.85	3.654	3.63	4.351	0.2657	2.763	2.574	15.785
1613.875	83.9535	8.521	153.745	3.736	3.7605	4.5795	0.2397	2.695	2.5755	15.887
1614	83.462	8.483	140.64	3.818	3.891	4.808	0.2137	2.627	2.577	15.989
1614.125	82.989	8.4412	136.4	4.023	4.055	5.4165	0.20615	2.638	2.57	16.3425
1614.25	82.516	8.3995	132.16	4.228	4.219	6.025	0.1986	2.649	2.563	16.696
1614.375	80.181	8.3577	124.06	4.5475	4.5785	9.2055	0.18545	2.572	2.555	15.9305
1614.5	77.846	8.316	115.96	4.867	4.938	12.386	0.1723	2.495	2.547	15.165
1614.625	78.045	8.32	110.79	5.259	5.3985	10.7	0.17075	2.5495	2.542	14.1855
1614.75	78.244	8.324	105.62	5.651	5.859	9.014	0.1692	2.604	2.537	13.206
1614.875	77.7635	8.33	106.865	5.98	6.202	10.1395	0.16865	2.454	2.5405	12.227
1615	77.283	8.336	108.11	6.309	6.545	11.265	0.1681	2.304	2.544	11.248
1615.125	76.842	8.342	98.0615	6.5645	6.7405	11.2515	0.16365	2.369	2.5475	10.2691
1615.25	76.401	8.348	88.013	6.82	6.936	11.238	0.1592	2.434	2.551	9.2902
1615.375	75.251	8.3435	85.247	6.8895	7.0005	11.9075	0.1508	2.406	2.543	8.3111
1615.5	74.101	8.339	82.481	6.959	7.065	12.577	0.1424	2.378	2.535	7.332
1615.625	70.6645	8.3425	85.52	6.9635	7.028	11.8385	0.1451	2.281	2.512	7.7515
1615.75	67.228	8.346	88.559	6.968	6.991	11.1	0.1478	2.184	2.489	8.171
1615.875	72.7835	8.3115	82.945	6.5615	6.946	11.6625	0.15225	2.1825	2.464	5.9425
1616	78.339	8.277	77.331	6.155	6.901	12.225	0.1567	2.181	2.439	3.714
1616.125	79.4985	8.1535	75.5875	6.245	6.459	14.203	0.15775	2.097	2.415	5.1495
1616.25	80.658	8.03	73.844	6.335	6.017	16.181	0.1588	2.013	2.391	6.585
1616.375	81.733	8.003	62.58	5.8485	5.9255	13.019	0.1583	1.988	2.361	4.575
1616.5	82.808	7.976	51.316	5.362	5.834	9.857	0.1578	1.963	2.331	2.565
1616.625	82.23	8.054	42.9055	5.373	5.6105	10.1305	0.16235	1.9985	2.3425	-0.0665
1616.75	81.652	8.132	34.495	5.384	5.387	10.404	0.1669	2.034	2.354	-2.698
1616.875	81.7265	8.2875	34.1	5.559	5.5115	10.8105	0.1587	2.2255	2.3755	-4.6815
1617	81.801	8.443	33.705	5.734	5.636	11.217	0.1505	2.417	2.397	-6.665
1617.125	82.3905	8.474	41.5015	6.008	5.918	11.6375	0.16855	2.61	2.4395	-5.832
1617.25	82.98	8.505	49.298	6.282	6.2	12.058	0.1866	2.803	2.482	-4.999
1617.375	83.809	8.5185	62.632	5.504	5.665	12.3325	0.1961	3.0105	2.5145	-3.6015
1617.5	84.638	8.532	75.966	4.726	5.13	12.607	0.2056	3.218	2.547	-2.204
1617.625	85.2685	8.539	89.708	4.618	4.971	9.5275	0.2087	3.208	2.558	-0.3325
1617.75	85.899	8.546	103.45	4.51	4.812	6.448	0.2118	3.198	2.569	1.539
1617.875	83.464	8.555	103.635	4.3755	4.699	7.056	0.2183	3.036	2.5735	5.3495
1618	81.029	8.564	103.82	4.241	4.586	7.664	0.2248	2.874	2.578	9.16
1618.125	81.8275	8.571	106.145	4.226	4.1295	10.6815	0.22615	2.857	2.5645	9.28
1618.25	82.626	8.578	108.47	4.211	3.673	13.699	0.2275	2.84	2.551	9.4
1618.375	84.643	8.5485	114.285	3.7765	3.561	10.1395	0.23335	2.874	2.5555	11.2065
1618.5	86.66	8.519	120.1	3.342	3.449	6.58	0.2392	2.908	2.56	13.013
1618.625	88.181	8.521	123.915	3.3575	3.4095	6.48	0.2412	2.8395	2.5515	13.029
1618.75	89.702	8.523	127.73	3.373	3.37	6.38	0.2432	2.771	2.543	13.045
1618.875	89.906	8.5296	128.13	3.3315	3.3815	6.776	0.2404	2.6545	2.542	13.3955
1619	90.11	8.5363	128.53	3.29	3.393	7.172	0.2376	2.538	2.541	13.746
1619.125	90.5805	8.5429	129.375	3.3005	3.38	7.0765	0.24555	2.553	2.5435	14.0965
1619.25	91.051	8.5496	130.22	3.311	3.367	6.981	0.2535	2.568	2.546	14.447
1619.375	91.3955	8.5563	128.49	3.288	3.326	6.2515	0.2561	2.572	2.551	14.509
1619.5	91.74	8.563	126.76	3.265	3.285	5.522	0.2587	2.576	2.556	14.571
1619.625	91.89	8.57	125.4	3.209	3.252	5.691	0.26485	2.5915	2.5485	14.6675
1619.75	92.04	8.577	124.04	3.153	3.219	5.86	0.271	2.607	2.541	14.764
1619.875	92.2805	8.511	125.455	3.184	3.2525	4.8795	0.27895	2.6865	2.5365	14.8605
1620	92.521	8.445	126.87	3.215	3.286	3.899	0.2869	2.766	2.532	14.957
1620.125	93.7865	8.4485	116.22	3.4365	3.4305	9.294	0.22845	3.046	2.5815	14.9785
1620.25	95.052	8.452	105.57	3.658	3.575	14.689	0.17	3.326	2.631	15
1620.375	92.674	8.428	99.657	4.336	4.2305	21.4265	0.1598	3.1525	2.6595	14.927
1620.5	90.296	8.404	93.744	5.014	4.886	28.164	0.1496	2.979	2.688	14.854
1620.625	80.2045	8.416	84.4755	6.5445	6.2145	33.923	0.1637	2.653	2.6185	15.0695
1620.75	70.113	8.428	75.207	8.075	7.543	39.682	0.1778	2.327	2.549	15.285
1620.875	71.506	8.4505	80.247	9.3395	8.2395	24.1875	0.1872	2.367	2.5195	14.415
1621	72.899	8.473	85.287	10.604	8.936	8.693	0.1966	2.407	2.49	13.545
1621.125	75.8185	8.5015	89.325	7.994	9.1445	6.7555	0.2214	2.682	2.5435	13.6535
1621.25	78.738	8.53	93.363	5.384	9.353	4.818	0.2462	2.957	2.597	13.762
1621.375	80.9035	8.5375	98.4965	4.6855	9.2615	5.035	0.2554	2.9975	2.595	13.2475
1621.5	83.069	8.545	103.63	3.987	9.17	5.252	0.2646	3.038	2.593	12.733
1621.625	84.5995	8.5485	104.84	3.41	6.323	4.2385	0.2733	2.989	2.5775	12.2185
1621.75	86.13	8.552	106.05	2.833	3.476	3.225	0.282	2.94	2.562	11.704
1621.875	86.814	8.538	107	2.9635	3.2795	3.9648	0.24255	2.787	2.551	11.19
1622	87.498	8.524	107.95	3.094	3.083	4.7045	0.2031	2.634	2.54	10.676
1622.125	86.4425	8.51	108.995	3.4105	3.2925	5.4443	0.2032	2.6585	2.539	10.696
1622.25	85.387	8.496	110.04	3.727	3.502	6.184	0.2033	2.683	2.538	10.716
1622.375	84.9505	8.4937	107.85	3.978	3.809	8.6285	0.2612	2.8225	2.537	10.814
1622.5	84.514	8.4915	105.66	4.229	4.116	11.073	0.3191	2.962	2.536	10.912
1622.625	85.417	8.4893	104.165	4.2515	4.1475	7.738	0.42775	3.045	2.7375	11.0105
1622.75	86.32	8.487	102.67	4.274	4.179	4.403	0.5364	3.128	2.939	11.109
1622.875	93.117	8.7735	104.615	4.1035	4.096	4.548	0.5379	2.521	2.364	11.154
1623	99.914	9.06	106.56	3.933	4.013	4.693	0.5394	1.914	1.789	11.199
1623.125	108.032	9.397	97.91	4.1005	4.158	5.348	0.39195	2.031	1.9695	11.5545
1623.25	116.15	9.734	89.26	4.268	4.303	6.003	0.2445	2.148	2.15	11.91
1623.375	115.315	9.5135	85.868	5.4355	4.9145	4.965	0.16995	2.082	2.2285	12.266
1623.5	114.48	9.293	82.476	6.603	5.526	3.927	0.0954	2.016	2.307	12.622
1623.625	92.7135	9.3	84.936	10.6045	7.484	6.656	0.11165	2.0415	2.346	12.9175
1623.75	70.947	9.307	87.396	14.606	9.442	9.385	0.1279	2.067	2.385	13.213
1623.875	70.7305	9.223	82.957	15.466	12.8745	9.953	0.1402	2.0705	2.4415	13.47
1624	70.514	9.139	78.518	16.326	16.307	10.521	0.1525	2.074	2.498	13.727
1624.125	72.594	9.046	79.2755	12.185	12.592	8.2765	0.16445	2.0925	2.4705	13.7525
1624.25	74.674	8.953	80.033	8.044	8.877	6.032	0.1764	2.111	2.443	13.778
1624.375	75.1345	9.003	82.0035	7.5375	8.091	8.841	0.1686	2.2175	2.4605	13.123
1624.5	75.595	9.053	83.974	7.031	7.305	11.65	0.1608	2.324	2.478	12.468
1624.625	75.3955	9.1565	80.1115	7.651	7.6475	7.8995	0.16045	2.3175	2.5325	11.876
1624.75	75.196	9.26	76.249	8.271	7.99	4.149	0.1601	2.311	2.587	11.284
1624.875	74.46	9.3515	79.0955	9.0535	8.838	6.4335	0.1755	2.332	2.556	10.6925
1625	73.724	9.443	81.942	9.836	9.686	8.718	0.1909	2.353	2.525	10.101
1625.125	73.022	9.312	91.236	9.4905	9.4675	10.7075	0.21375	2.4255	2.497	9.5092
1625.25	72.32	9.181	100.53	9.145	9.249	12.697	0.2366	2.498	2.469	8.9175
1625.375	73.3265	9.1625	102.525	8.8775	8.991	14.467	0.2464	2.6315	2.4945	8.3258
1625.5	74.333	9.144	104.52	8.61	8.733	16.237	0.2562	2.765	2.52	7.734
1625.625	74.9555	9.299	100.147	8.6265	8.9215	10.8405	0.2289	2.878	2.5495	7.923
1625.75	75.578	9.454	95.774	8.643	9.11	5.444	0.2016	2.991	2.579	8.112
1625.875	76.0385	9.7765	95.137	9.7665	9.6965	7.1455	0.20425	2.9925	2.565	7.46
1626	76.499	10.099	94.5	10.89	10.283	8.847	0.2069	2.994	2.551	6.808
1626.125	76.869	9.5425	96.328	10.692	10.4895	11.566	0.21685	2.9015	2.505	6.156
1626.25	77.239	8.986	98.156	10.494	10.696	14.285	0.2268	2.809	2.459	5.504
1626.375	77.2	9.0675	93.7155	10.6565	10.7345	10.077	0.22905	2.7165	2.4635	5.5795
1626.5	77.161	9.149	89.275	10.819	10.773	5.869	0.2313	2.624	2.468	5.655
1626.625	77.4555	9.288	89.0595	10.982	10.797	6.722	0.22405	2.928	2.497	5.31
1626.75	77.75	9.427	88.844	11.145	10.821	7.575	0.2168	3.232	2.526	4.965
1626.875	77.942	9.5665	94.612	11.5135	11.019	10.455	0.2185	3.6005	2.583	4.62
1627	78.134	9.706	100.38	11.882	11.217	13.335	0.2202	3.969	2.64	4.275
1627.125	78.5235	9.7385	103.455	12.364	11.5365	12.608	0.2164	4.1355	2.6285	4.5005
1627.25	78.913	9.771	106.53	12.846	11.856	11.881	0.2126	4.302	2.617	4.726
1627.375	78.9145	9.635	99.397	13.217	12.299	12.879	0.2108	3.7865	2.6	4.2162
1627.5	78.916	9.499	92.264	13.588	12.742	13.877	0.209	3.271	2.583	3.7065
1627.625	76.9595	9.359	92.843	14.392	13.144	15.229	0.21055	3.008	2.578	3.1968
1627.75	75.003	9.219	93.422	15.196	13.546	16.581	0.2121	2.745	2.573	2.687
1627.875	75.307	9.422	96.621	15.727	13.9325	14.503	0.2105	2.8535	2.5905	2.841
1628	75.611	9.625	99.82	16.258	14.319	12.425	0.2089	2.962	2.608	2.995
1628.125	75.8595	9.4205	103.845	16.3795	14.642	13.6665	0.2066	2.9375	2.614	2.4095
1628.25	76.108	9.216	107.87	16.501	14.965	14.908	0.2043	2.913	2.62	1.824
1628.375	77.9805	9.2795	109.975	16.639	15.137	15.445	0.2088	2.9245	2.6	1.8295
1628.5	79.853	9.343	112.08	16.777	15.309	15.982	0.2133	2.936	2.58	1.835
1628.625	80.3545	9.3625	104.738	15.635	14.211	17.085	0.20915	2.9835	2.581	1.88
1628.75	80.856	9.382	97.396	14.493	13.113	18.188	0.205	3.031	2.582	1.925
1628.875	81.49	9.0355	96.457	18.628	13.2735	16.2795	0.2021	3.1805	2.597	1.928
1629	82.124	8.689	95.518	22.763	13.434	14.371	0.1992	3.33	2.612	1.931
1629.125	80.0245	8.6795	97.5265	32.753	22.659	15.5855	0.19685	3.414	2.631	1.854
1629.25	77.925	8.67	99.535	42.743	31.884	16.8	0.1945	3.498	2.65	1.777
1629.375	78.6785	8.7115	97.6635	53.3155	39.285	18.8155	0.2023	3.401	2.6505	1.7
1629.5	79.432	8.753	95.792	63.888	46.686	20.831	0.2101	3.304	2.651	1.623
1629.625	79.482	8.792	95.8055	39.35	50.3385	22.7235	0.2112	3.259	2.6395	1.546
1629.75	79.532	8.831	95.819	14.812	53.991	24.616	0.2123	3.214	2.628	1.469
1629.875	77.487	8.954	96.9645	14.6905	35.8825	21.083	0.20805	3.342	2.642	1.4965
1630	75.442	9.077	98.11	14.569	17.774	17.55	0.2038	3.47	2.656	1.524
1630.125	75.71	8.9465	101.67	16.1	16.5325	19.3675	0.2025	3.258	2.669	1.426
1630.25	75.978	8.816	105.23	17.631	15.291	21.185	0.2012	3.046	2.682	1.328
1630.375	76.115	8.823	103.87	20.4485	17.429	21.559	0.20445	2.992	2.6575	1.4165
1630.5	76.252	8.83	102.51	23.266	19.567	21.933	0.2077	2.938	2.633	1.505
1630.625	76.077	8.793	103.11	25.5065	22.4445	24.917	0.2039	2.903	2.627	1.065
1630.75	75.902	8.756	103.71	27.747	25.322	27.901	0.2001	2.868	2.621	0.625
1630.875	74.9015	8.757	105.11	25.6225	26.5675	25.5725	0.19325	2.911	2.6245	0.6265
1631	73.901	8.758	106.51	23.498	27.813	23.244	0.1864	2.954	2.628	0.628
1631.125	74.4295	8.7362	106.725	23.391	25.292	25.311	0.18645	2.953	2.635	0.572
1631.25	74.958	8.7145	106.94	23.284	22.771	27.378	0.1865	2.952	2.642	0.516
1631.375	75.0995	8.6927	108.095	25.91	22.8045	23.3135	0.1882	2.888	2.647	0.46
1631.5	75.241	8.671	109.25	28.536	22.838	19.249	0.1899	2.824	2.652	0.404
1631.625	74.8685	8.6875	107.125	29.925	25.887	23.253	0.1854	2.8845	2.6655	0.4075
1631.75	74.496	8.704	105	31.314	28.936	27.257	0.1809	2.945	2.679	0.411
1631.875	74.3585	8.6425	103.635	29.726	29.96	29.4465	0.1836	3.029	2.6845	0.4155
1632	74.221	8.581	102.27	28.138	30.984	31.636	0.1863	3.113	2.69	0.42
1632.125	73.4965	8.588	101.72	27.2665	29.1625	29.0785	0.1886	3.1255	2.6805	0.486
1632.25	72.772	8.595	101.17	26.395	27.341	26.521	0.1909	3.138	2.671	0.552
1632.375	73.381	8.5655	101.43	26.772	26.1595	25.5765	0.191	3.1595	2.6605	0.4353
1632.5	73.99	8.536	101.69	27.149	24.978	24.632	0.1911	3.181	2.65	0.3186
1632.625	74.684	8.5395	102.05	27.7095	25.612	23.451	0.19395	3.176	2.652	0.2019
1632.75	75.378	8.543	102.41	28.27	26.246	22.27	0.1968	3.171	2.654	0.0853
1632.875	75.4345	8.5305	102.52	28.8105	26.8885	23.489	0.19555	3.2135	2.6497	-0.0314
1633	75.491	8.518	102.63	29.351	27.531	24.708	0.1943	3.256	2.6455	-0.148
1633.125	75.0615	8.4958	101.013	27.6305	27.708	27.5895	0.1972	3.1455	2.6413	-0.125
1633.25	74.632	8.4735	99.396	25.91	27.885	30.471	0.2001	3.035	2.637	-0.102
1633.375	74.7235	8.4513	100.728	25.8945	26.901	29.067	0.20165	2.8985	2.6405	-0.0653
1633.5	74.815	8.429	102.06	25.879	25.917	27.663	0.2032	2.762	2.644	-0.0285
1633.625	75.017	8.4555	102.525	26.735	25.9465	30.047	0.20005	2.796	2.6435	0.0082
1633.75	75.219	8.482	102.99	27.591	25.976	32.431	0.1969	2.83	2.643	0.045
1633.875	74.3995	8.3965	103.54	28.143	26.668	35.3195	0.1954	2.853	2.641	0.054
1634	73.58	8.311	104.09	28.695	27.36	38.208	0.1939	2.876	2.639	0.063
1634.125	73.669	8.3275	105.395	29.2575	28.329	31.1455	0.19535	2.9615	2.6505	0.096
1634.25	73.758	8.344	106.7	29.82	29.298	24.083	0.1968	3.047	2.662	0.129
1634.375	74.074	8.287	108.65	30.393	30.432	27.2575	0.19735	3.0965	2.6515	0.162
1634.5	74.39	8.23	110.6	30.966	31.566	30.432	0.1979	3.146	2.641	0.195
1634.625	74.461	8.2325	109.255	30.3435	31.06	31.6555	0.19695	3.2135	2.6435	0.1975
1634.75	74.532	8.235	107.91	29.721	30.554	32.879	0.196	3.281	2.646	0.2
1634.875	74.2355	8.2275	105.265	29.7805	30.206	31.2385	0.1958	3.166	2.651	0.2155
1635	73.939	8.22	102.62	29.84	29.858	29.598	0.1956	3.051	2.656	0.231
1635.125	73.475	8.2125	102.92	30.0865	29.9905	33.0455	0.18465	2.892	2.664	0.2465
1635.25	73.011	8.205	103.22	30.333	30.123	36.493	0.1737	2.733	2.672	0.262
1635.375	71.7085	8.219	103.915	30.9775	30.401	37.5935	0.17385	2.7395	2.6755	0.2655
1635.5	70.406	8.233	104.61	31.622	30.679	38.694	0.174	2.746	2.679	0.269
1635.625	70.1985	8.249	103.25	32.3215	31.0525	42.504	0.1742	2.7675	2.6825	0.2833
1635.75	69.991	8.265	101.89	33.021	31.426	46.314	0.1744	2.789	2.686	0.2975
1635.875	69.914	8.281	95.631	33.3045	32.158	51.726	0.1752	2.9495	2.6905	0.3117
1636	69.837	8.297	89.372	33.588	32.89	57.138	0.176	3.11	2.695	0.326
1636.125	70.456	8.3015	92.0625	33.29	32.9545	49.6055	0.1847	3.103	2.683	0.3535
1636.25	71.075	8.306	94.753	32.992	33.019	42.073	0.1934	3.096	2.671	0.381
1636.375	71.509	8.2965	95.4905	32.666	33.3745	44.6645	0.19295	3.071	2.6655	0.444
1636.5	71.943	8.287	96.228	32.34	33.73	47.256	0.1925	3.046	2.66	0.507
1636.625	72.219	8.2775	95.119	32.295	32.9215	41.4625	0.1874	3.0655	2.673	0.509
1636.75	72.495	8.268	94.01	32.25	32.113	35.669	0.1823	3.085	2.686	0.511
1636.875	71.4255	8.27	95.723	32.5235	31.815	41.0385	0.1761	3.018	2.6905	0.5167
1637	70.356	8.272	97.436	32.797	31.517	46.408	0.1699	2.951	2.695	0.5225
1637.125	70.328	8.2691	96.3545	32.826	31.5805	46.1575	0.17155	3.0195	2.697	0.5282
1637.25	70.3	8.2662	95.273	32.855	31.644	45.907	0.1732	3.088	2.699	0.534
1637.375	70.7735	8.2633	96.6045	32.7805	31.712	49.6295	0.175	3.1215	2.6815	0.562
1637.5	71.247	8.2604	97.936	32.706	31.78	53.352	0.1768	3.155	2.664	0.59
1637.625	72.04	8.2575	96.0845	32.631	31.7365	44.4945	0.18135	3.1885	2.6645	0.432
1637.75	72.833	8.2546	94.233	32.556	31.693	35.637	0.1859	3.222	2.665	0.274
1637.875	73.1445	8.2517	93.9845	33.0105	31.5215	37.158	0.19215	3.1925	2.6715	0.2745
1638	73.456	8.2488	93.736	33.465	31.35	38.679	0.1984	3.163	2.678	0.275
1638.125	73.5185	8.2459	94.3555	32.2735	31.1005	40.9275	0.2001	3.0945	2.659	0.2603
1638.25	73.581	8.243	94.975	31.082	30.851	43.176	0.2018	3.026	2.64	0.2455
1638.375	73.7785	8.2435	98.8875	30.2115	29.4305	40.3975	0.2035	2.9645	2.651	0.2307
1638.5	73.976	8.244	102.8	29.341	28.01	37.619	0.2052	2.903	2.662	0.216
1638.625	74.1615	8.2421	107.18	29.669	27.6285	39.9695	0.19395	2.964	2.6705	0.2475
1638.75	74.347	8.2401	111.56	29.997	27.247	42.32	0.1827	3.025	2.679	0.279
1638.875	74.675	8.2382	110.635	30.6245	27.6465	38.734	0.18045	3.042	2.6825	0.357
1639	75.003	8.2363	109.71	31.252	28.046	35.148	0.1782	3.059	2.686	0.435
1639.125	74.1045	8.2344	105.32	29.8535	27.6725	41.751	0.18675	3.04	2.693	0.441
1639.25	73.206	8.2325	100.93	28.455	27.299	48.354	0.1953	3.021	2.7	0.447
1639.375	72.8635	8.2305	96.2555	27.427	26.5785	51.0775	0.1986	2.966	2.6555	0.4577
1639.5	72.521	8.2286	91.581	26.399	25.858	53.801	0.2019	2.911	2.611	0.4683
1639.625	72.677	8.2267	93.9165	25.168	24.5095	42.5435	0.20155	2.9365	2.6045	0.4789
1639.75	72.833	8.2248	96.252	23.937	23.161	31.286	0.2012	2.962	2.598	0.4896
1639.875	72.953	8.2229	95.4815	23.443	22.5145	33.521	0.1944	3.009	2.6125	0.5003
1640	73.073	8.221	94.711	22.949	21.868	35.756	0.1876	3.056	2.627	0.511
1640.125	72.9505	8.2285	99.2355	22.9565	21.6835	38.109	0.19815	3.152	2.6355	0.5305
1640.25	72.828	8.236	103.76	22.964	21.499	40.462	0.2087	3.248	2.644	0.55
1640.375	72.518	8.2067	106.615	23.091	21.633	37.409	0.2173	3.4425	2.65	0.497
1640.5	72.208	8.1775	109.47	23.218	21.767	34.356	0.2259	3.637	2.656	0.444
1640.625	77.1865	8.1483	108.06	23.194	22.0125	33.0045	0.22925	3.736	2.6465	0.391
1640.75	82.165	8.119	106.65	23.17	22.258	31.653	0.2326	3.835	2.637	0.338
1640.875	89.0725	8.1275	107.64	22.4455	21.023	34.389	0.23785	3.342	2.64	0.377
1641	95.98	8.136	108.63	21.721	19.788	37.125	0.2431	2.849	2.643	0.416
1641.125	85.429	8.158	109.325	21.4445	19.268	30.8345	0.23075	3.06	2.6505	0.2923
1641.25	74.878	8.18	110.02	21.168	18.748	24.544	0.2184	3.271	2.658	0.1685
1641.375	75.2125	8.202	107.27	21.131	18.7235	23.499	0.21825	3.684	2.6835	0.0448
1641.5	75.547	8.224	104.52	21.094	18.699	22.454	0.2181	4.097	2.709	-0.079
1641.625	76.1845	8.246	104.335	21.105	18.8915	25.96	0.2331	3.8045	2.743	0.089
1641.75	76.822	8.268	104.15	21.116	19.084	29.466	0.2481	3.512	2.777	0.257
1641.875	73.7165	8.275	103.965	21.06	18.854	22.695	0.23715	2.992	2.752	-0.427
1642	70.611	8.282	103.78	21.004	18.624	15.924	0.2262	2.472	2.727	-1.111
1642.125	70.66	8.2705	105.16	21.1905	18.3115	14.212	0.20755	2.5595	2.6375	-1.055
1642.25	70.709	8.259	106.54	21.377	17.999	12.5	0.1889	2.647	2.548	-0.999
1642.375	71.282	8.314	108.905	21.7355	18.2885	18.2605	0.2108	2.971	2.5685	-1.1195
1642.5	71.855	8.369	111.27	22.094	18.578	24.021	0.2327	3.295	2.589	-1.24
1642.625	70.7025	8.3795	110.01	22.6535	19.0865	46.383	0.2411	3.462	2.6065	-1.3605
1642.75	69.55	8.39	108.75	23.213	19.595	68.745	0.2495	3.629	2.624	-1.481
1642.875	70.015	8.256	106.74	23.3275	19.995	49.356	0.24855	3.246	2.6445	-1.6015
1643	70.48	8.122	104.73	23.442	20.395	29.967	0.2476	2.863	2.665	-1.722
1643.125	71.5795	8.2055	103.805	21.094	20.747	27.6075	0.2547	2.868	2.6095	-1.679
1643.25	72.679	8.289	102.88	18.746	21.099	25.248	0.2618	2.873	2.554	-1.636
1643.375	74.513	8.5035	102.99	18.2495	18.831	29.149	0.2615	3.003	2.5815	-1.568
1643.5	76.347	8.718	103.1	17.753	16.563	33.05	0.2612	3.133	2.609	-1.5
1643.625	77.894	8.9375	103.31	17.181	16.641	23.2515	0.2486	3.298	2.6435	-1.403
1643.75	79.441	9.157	103.52	16.609	16.719	13.453	0.236	3.463	2.678	-1.306
1643.875	80.1775	8.96	103.94	16.6925	15.3445	9.4045	0.23915	3.3085	2.668	-1.6305
1644	80.914	8.763	104.36	16.776	13.97	5.356	0.2423	3.154	2.658	-1.955
1644.125	82.1875	8.8925	105.89	17.6505	14.3535	6.65	0.23665	3.0895	2.669	-2.156
1644.25	83.461	9.022	107.42	18.525	14.737	7.944	0.231	3.025	2.68	-2.357
1644.375	77.293	8.9485	107.635	19.133	15.3305	7.384	0.2229	3.089	2.6635	-2.3245
1644.5	71.125	8.875	107.85	19.741	15.924	6.824	0.2148	3.153	2.647	-2.292
1644.625	71.509	8.725	106.385	18.956	16.154	12.4935	0.21155	2.994	2.658	-2.0955
1644.75	71.893	8.575	104.92	18.171	16.384	18.163	0.2083	2.835	2.669	-1.899
1644.875	73.1965	8.4555	104.75	16.304	16.0245	16.3155	0.20975	2.843	2.666	-1.6435
1645	74.5	8.336	104.58	14.437	15.665	14.468	0.2112	2.851	2.663	-1.388
1645.125	74.962	8.3585	105.815	14.181	14.5965	14.024	0.20975	2.943	2.677	-0.9335
1645.25	75.424	8.381	107.05	13.925	13.528	13.58	0.2083	3.035	2.691	-0.479
1645.375	74.7945	8.4365	104.485	14.521	13.2775	13.21	0.20075	3.043	2.7005	-0.0245
1645.5	74.165	8.492	101.92	15.117	13.027	12.84	0.1932	3.051	2.71	0.43
1645.625	71.1235	8.57	101.735	16.5365	13.896	27.6395	0.19265	3.056	2.706	0.493
1645.75	68.082	8.648	101.55	17.956	14.765	42.439	0.1921	3.061	2.702	0.556
1645.875	67.331	8.4705	101.36	19.4295	16.042	32.364	0.1776	3.0675	2.7	0.6817
1646	66.58	8.293	101.17	20.903	17.319	22.289	0.1631	3.074	2.698	0.8075
1646.125	66.871	8.297	101.205	22.004	19.024	26.405	0.1584	3.0885	2.7035	0.9333
1646.25	67.162	8.301	101.24	23.105	20.729	30.521	0.1537	3.103	2.709	1.059
1646.375	67.516	8.327	101.06	22.8705	21.0255	30.2245	0.15215	3.1465	2.706	1.17
1646.5	67.87	8.353	100.88	22.636	21.322	29.928	0.1506	3.19	2.703	1.281
1646.625	67.204	8.2825	100.695	22.1925	20.678	33.0575	0.15405	3.026	2.6885	1.4045
1646.75	66.538	8.212	100.51	21.749	20.034	36.187	0.1575	2.862	2.674	1.528
1646.875	65.886	8.185	100.33	22.0125	19.736	37.4895	0.1623	2.8455	2.675	1.35
1647	65.234	8.158	100.15	22.276	19.438	38.792	0.1671	2.829	2.676	1.172
1647.125	65.971	8.245	100.175	24.025	20.269	37.3925	0.1658	2.799	2.661	1.2625
1647.25	66.708	8.332	100.2	25.774	21.1	35.993	0.1645	2.769	2.646	1.353
1647.375	67.112	8.338	100.34	28.473	22.9505	30.3795	0.16055	2.8315	2.654	0.847
1647.5	67.516	8.344	100.48	31.172	24.801	24.766	0.1566	2.894	2.662	0.341
1647.625	67.876	8.3645	100.62	32.4845	26.685	26.816	0.1563	2.971	2.657	0.6155
1647.75	68.236	8.385	100.76	33.797	28.569	28.866	0.156	3.048	2.652	0.89
1647.875	68.5565	8.434	100.905	32.262	29.093	30.307	0.15365	2.8885	2.6515	-0.2845
1648	68.877	8.483	101.05	30.727	29.617	31.748	0.1513	2.729	2.651	-1.459
1648.125	68.5825	8.3295	101.19	28.382	27.098	33.3605	0.1543	2.8525	2.6547	-1.087
1648.25	68.288	8.176	101.33	26.037	24.579	34.973	0.1573	2.976	2.6585	-0.715
1648.375	68.212	8.207	101.47	26.156	23.2795	36.459	0.1576	3.0805	2.6623	-2.2855
1648.5	68.136	8.238	101.61	26.275	21.98	37.945	0.1579	3.185	2.666	-3.856
1648.625	68.06	8.331	101.75	28.152	23.1545	36.337	0.1654	3.2115	2.6345	-3.767
1648.75	67.984	8.424	101.89	30.029	24.329	34.729	0.1729	3.238	2.603	-3.678
1648.875	68.0125	8.365	102.035	31.1525	26.1475	23.916	0.1822	3.1455	2.562	-4.5935
1649	68.041	8.306	102.18	32.276	27.966	13.103	0.1915	3.053	2.521	-5.509
1649.125	68.0985	8.7275	102.32	29.001	29.578	14.849	0.1897	3.0915	2.55	-6.4245
1649.25	68.156	9.149	102.46	25.726	31.19	16.595	0.1879	3.13	2.579	-7.34
1649.375	68.1745	9.4495	102.6	24.709	26.92	11.287	0.185	3.1225	2.5895	-7.321
1649.5	68.193	9.75	102.74	23.692	22.65	5.979	0.1821	3.115	2.6	-7.302
1649.625	68.0785	9.3465	102.88	23.28	22.002	15.0605	0.1878	3.152	2.602	-7.5061
1649.75	67.964	8.943	103.02	22.868	21.354	24.142	0.1935	3.189	2.604	-7.7102
1649.875	67.9655	9.1375	103.02	25.32	21.646	27.9855	0.1981	3.307	2.6155	-7.9143
1650	67.967	9.332	103.02	27.772	21.938	31.829	0.2027	3.425	2.627	-8.1184
1650.125	67.978	8.6565	103.025	27.688	23.3635	18.376	0.1985	3.3175	2.6505	-8.3225
1650.25	67.989	7.981	103.03	27.604	24.789	4.923	0.1943	3.21	2.674	-8.5266
1650.375	68	8.1275	103.03	29.854	26.7355	15.6205	0.1826	3.0795	2.653	-8.7307
1650.5	68.011	8.274	103.03	32.104	28.682	26.318	0.1709	2.949	2.632	-8.9348
1650.625	68.022	8.2855	103.035	32.862	31.1595	48.4625	0.17675	3.072	2.6465	-9.1389
1650.75	68.033	8.297	103.04	33.62	33.637	70.607	0.1826	3.195	2.661	-9.343
1650.875	68.0445	8.3	103.04	31.0835	31.361	77.045	0.1855	3.326	2.6915	-9.3405
1651	68.056	8.303	103.04	28.547	29.085	83.483	0.1884	3.457	2.722	-9.338
1651.125	68.067	8.3665	103.045	24.3685	23.5715	83.947	0.1825	3.4385	2.6905	-9.3942
1651.25	68.078	8.43	103.05	20.19	18.058	84.411	0.1766	3.42	2.659	-9.4505
1651.375	68.089	8.4585	103.05	20.407	17.9935	84.2395	0.17825	3.2675	2.662	-9.5068
1651.5	68.1	8.487	103.05	20.624	17.929	84.068	0.1799	3.115	2.665	-9.563
1651.625	68.1115	8.3935	103.055	23.419	19.048	83.8965	0.1825	3.035	2.648	-9.6192
1651.75	68.123	8.3	103.06	26.214	20.167	83.725	0.1851	2.955	2.631	-9.6755
1651.875	68.1235	8.3115	103.06	31.9945	24.4105	83.5535	0.1856	2.957	2.6285	-9.7318
1652	68.124	8.323	103.06	37.775	28.654	83.382	0.1861	2.959	2.626	-9.788
1652.125	68.126	8.3375	103.06	44.3035	31.4135	83.2105	0.1849	3.109	2.65	-9.7545
1652.25	68.128	8.352	103.06	50.832	34.173	83.039	0.1837	3.259	2.674	-9.721
1652.375	68.131	8.3695	103.065	48.655	38.9895	83.305	0.18395	3.2985	2.6815	-9.6705
1652.5	68.134	8.387	103.07	46.478	43.806	83.571	0.1842	3.338	2.689	-9.62
1652.625	68.136	8.3185	103.08	36.786	32.9585	83.881	0.1822	3.196	2.675	-9.5695
1652.75	68.138	8.25	103.09	27.094	22.111	84.191	0.1802	3.054	2.661	-9.519
1652.875	68.141	8.375	103.105	29.5965	23.3475	84.5005	0.1802	3.132	2.6635	-9.43
1653	68.144	8.5	103.12	32.099	24.584	84.81	0.1802	3.21	2.666	-9.341
1653.125	68.1465	8.624	103.135	37.0815	27.7095	85.12	0.18025	3.067	2.677	-9.2275
1653.25	68.149	8.748	103.15	42.064	30.835	85.43	0.1803	2.924	2.688	-9.114
1653.375	68.152	8.789	103.165	43.584	31.959	85.74	0.17985	2.9685	2.684	-9.0005
1653.5	68.155	8.83	103.18	45.104	33.083	86.05	0.1794	3.013	2.68	-8.887
1653.625	68.1625	8.8005	103.195	41.375	30.9715	86.3595	0.1791	3.0675	2.672	-8.7985
1653.75	68.17	8.771	103.21	37.646	28.86	86.669	0.1788	3.122	2.664	-8.71
1653.875	68.177	8.809	103.225	36.569	27.672	86.979	0.1785	3.105	2.648	-8.9085
1654	68.184	8.847	103.24	35.492	26.484	87.289	0.1782	3.088	2.632	-9.107
1654.125	68.191	8.8825	103.255	34.6395	25.646	87.301	0.1784	3.0335	2.622	-9.3055
1654.25	68.198	8.918	103.27	33.787	24.808	87.313	0.1786	2.979	2.612	-9.504
1654.375	68.205	9.003	103.285	31.825	24.2315	87.354	0.17885	3	2.6185	-9.3955
1654.5	68.212	9.088	103.3	29.863	23.655	87.395	0.1791	3.021	2.625	-9.287
1654.625	68.219	8.9155	103.315	30.026	24.651	87.436	0.1797	3.0035	2.639	-9.689
1654.75	68.226	8.743	103.33	30.189	25.647	87.477	0.1803	2.986	2.653	-10.091
1654.875	68.233	8.818	103.345	33.9355	28.579	87.5185	0.18035	3.0095	2.66	-9.9125
1655	68.24	8.893	103.36	37.682	31.511	87.56	0.1804	3.033	2.667	-9.734
1655.125	68.241	8.9755	103.38	42.8375	33.7525	87.601	0.18045	3.1295	2.68	-9.5405
1655.25	68.242	9.058	103.4	47.993	35.994	87.642	0.1805	3.226	2.693	-9.347
1655.375	68.244	8.9255	103.415	48.3145	37.305	87.6835	0.1809	3.1975	2.692	-9.17
1655.5	68.246	8.793	103.43	48.636	38.616	87.725	0.1813	3.169	2.691	-8.993
1655.625	68.248	8.691	103.445	43.075	33.888	87.766	0.18105	3.0125	2.674	-8.816
1655.75	68.25	8.589	103.46	37.514	29.16	87.807	0.1808	2.856	2.657	-8.639
1655.875	68.2515	8.6375	103.5	33.9885	28.403	87.8485	0.18085	2.8485	2.6665	-8.569
1656	68.253	8.686	103.54	30.463	27.646	87.89	0.1809	2.841	2.676	-8.499
1656.125	68.255	8.6875	103.45	32.425	28.012	87.931	0.18145	2.821	2.6895	-8.2175
1656.25	68.257	8.689	103.36	34.387	28.378	87.972	0.182	2.801	2.703	-7.936
1656.375	68.259	8.6965	103.265	38.3005	31.013	88.0135	0.18205	2.8455	2.7065	-7.9095
1656.5	68.261	8.704	103.17	42.214	33.648	88.055	0.1821	2.89	2.71	-7.883
1656.625	68.2625	8.69	103.075	43.5745	34.73	88.2575	0.18175	2.948	2.715	-8.0215
1656.75	68.264	8.676	102.98	44.935	35.812	88.46	0.1814	3.006	2.72	-8.16
1656.875	68.266	8.6035	102.885	42.2835	34.9845	87.1565	0.18145	3.1405	2.7305	-8.1585
1657	68.268	8.531	102.79	39.632	34.157	85.853	0.1815	3.275	2.741	-8.157
1657.125	68.2695	8.572	102.7	-999.25	-999.25	-999.25	0.18175	3.2545	2.722	-8.1622
1657.25	68.271	8.613	102.61	-999.25	-999.25	-999.25	0.182	3.234	2.703	-8.1675
1657.375	68.273	8.456	102.515	-999.25	-999.25	-999.25	0.18365	3.0195	2.6855	-8.1728
1657.5	68.275	8.299	102.42	-999.25	-999.25	-999.25	0.1853	2.805	2.668	-8.178
1657.625	68.277	8.322	102.325	-999.25	-999.25	-999.25	0.186	2.9155	2.672	-503.714
1657.75	68.279	8.345	102.23	-999.25	-999.25	-999.25	0.1867	3.026	2.676	-999.25
1657.875	68.2805	8.269	102.135	-999.25	-999.25	-999.25	0.18695	3.119	2.6805	-999.25
1658	68.282	8.193	102.04	-999.25	-999.25	-999.25	0.1872	3.212	2.685	-999.25
1658.125	68.284	8.195	102.06	-999.25	-999.25	-999.25	0.18735	3.0575	2.6875	-999.25
1658.25	68.286	8.197	102.08	-999.25	-999.25	-999.25	0.1875	2.903	2.69	-999.25
1658.375	68.2875	8.199	101.965	-999.25	-999.25	-999.25	0.18695	2.871	2.698	-999.25
1658.5	68.289	8.201	101.85	-999.25	-999.25	-999.25	0.1864	2.839	2.706	-999.25
1658.625	68.291	8.2017	101.73	-999.25	-999.25	-999.25	0.1859	2.8515	2.707	-999.25
1658.75	68.293	8.2024	101.61	-999.25	-999.25	-999.25	0.1854	2.864	2.708	-999.25
1658.875	68.295	8.2031	101.495	-999.25	-999.25	-999.25	0.1855	2.8615	2.701	-999.25
1659	68.297	8.2038	101.38	-999.25	-999.25	-999.25	0.1856	2.859	2.694	-999.25
1659.125	68.2985	8.2045	101.265	-999.25	-999.25	-999.25	0.18585	2.8815	2.684	-999.25
1659.25	68.3	8.2052	101.15	-999.25	-999.25	-999.25	0.1861	2.904	2.674	-999.25
1659.375	68.302	8.2059	101.03	-999.25	-999.25	-999.25	0.18615	2.873	2.679	-999.25
1659.5	68.304	8.2066	100.91	-999.25	-999.25	-999.25	0.1862	2.842	2.684	-999.25
1659.625	68.3055	8.2073	100.795	-999.25	-999.25	-999.25	0.18615	2.864	2.6915	-999.25
1659.75	68.307	8.208	100.68	-999.25	-999.25	-999.25	0.1861	2.886	2.699	-999.25
1659.875	-999.25	-999.25	100.785	-999.25	-999.25	-999.25	-999.25	-999.25	-999.25	-999.25
