DEPTH	BHC	CLI	GR	LLD	LLS	MLL	NPHI	SP
1500	102.173	8.807	82.813	1.212	1.293	1.634	0.32328	70.945
1500.125	102.173	8.807	82.813	1.2187	1.3275	1.7203	0.32328	70.945
1500.25	93.8725	8.817	87.901	1.213	1.326	1.7365	0.31482	71.4525
1500.375	97.077	8.815	86.319	1.1975	1.2908	1.671	0.30681	71.878
1500.5	97.077	8.815	86.319	1.18	1.246	1.572	0.30681	71.878
1500.625	97.077	8.815	86.319	1.1607	1.2052	1.4722	0.30681	71.878
1500.75	106.563	8.816	76.2085	1.139	1.1735	1.3865	0.26246	72.1145
1500.875	106.693	8.824	70.816	1.112	1.15	1.3135	0.23472	72.03
1501	106.693	8.824	70.816	1.079	1.134	1.261	0.23472	72.03
1501.125	106.693	8.824	70.816	1.044	1.121	1.2307	0.23472	72.03
1501.25	108.901	8.8275	74.8585	1.0115	1.104	1.226	0.27889	71.947
1501.375	112.511	8.84	80.469	0.9865	1.0825	1.2355	0.325	72.457
1501.5	112.511	8.84	80.469	0.973	1.059	1.253	0.325	72.457
1501.625	112.511	8.84	80.469	0.9743	1.045	1.2678	0.325	72.457
1501.75	111.614	8.866	80.731	0.984	1.0395	1.279	0.34517	72.1815
1501.875	109.024	8.891	79.004	0.9997	1.0437	1.2865	0.34915	70.753
1502	109.024	8.891	79.004	1.018	1.053	1.294	0.34915	70.753
1502.125	109.024	8.891	79.004	1.0323	1.064	1.3065	0.34915	70.753
1502.25	109.02	8.8926	78.351	1.042	1.074	1.325	0.351465	70.182
1502.375	108.201	8.8942	78.101	1.0465	1.0825	1.3487	0.34568	69.035
1502.5	108.201	8.8942	78.101	1.05	1.089	1.372	0.34568	69.035
1502.625	108.201	8.8942	78.101	1.0548	1.0963	1.3885	0.34568	69.035
1502.75	107.69	8.8958	76.987	1.0655	1.104	1.3945	0.339605	67.588
1502.875	106.773	8.8974	75.507	1.0822	1.1147	1.3967	0.33681	68.511
1503	106.773	8.8974	75.507	1.11	1.133	1.406	0.33681	68.511
1503.125	106.773	8.8974	75.507	1.1448	1.1625	1.43	0.33681	68.511
1503.25	106.8945	8.899	75.2725	1.185	1.206	1.4765	0.33386	69.086
1503.375	102.975	8.885	75.931	1.2267	1.2622	1.5537	0.33056	68.116
1503.5	102.975	8.885	75.931	1.269	1.326	1.662	0.33056	68.116
1503.625	102.975	8.885	75.931	1.3165	1.392	1.8263	0.33056	68.116
1503.75	96.21	8.8115	77.113	1.373	1.4555	2.008	0.324745	68.047
1503.875	91.97	8.706	76.926	1.4475	1.5137	2.1717	0.31388	69.015
1504	91.97	8.706	76.926	1.538	1.568	2.294	0.31388	69.015
1504.125	91.97	8.706	76.926	1.646	1.6258	2.3608	0.31388	69.015
1504.25	95.8555	8.637	72.0335	1.755	1.6985	2.437	0.295375	70.87
1504.375	96.402	8.608	68.559	1.8565	1.79	2.559	0.28391	71.275
1504.5	96.402	8.608	68.559	1.953	1.9	2.74	0.28391	71.275
1504.625	96.402	8.608	68.559	2.0603	2.0253	2.9543	0.28391	71.275
1504.75	93.875	8.617	71.199	2.202	2.184	3.201	0.28358	70.0835
1504.875	89.977	8.658	73.633	2.3842	2.3922	3.5167	0.27727	70.749
1505	89.977	8.658	73.633	2.619	2.705	4.071	0.27727	70.749
1505.125	89.977	8.658	73.633	2.8863	3.1299	5.0633	0.27727	70.749
1505.25	83.6545	8.6745	74.275	3.1615	3.5765	6.2915	0.26595	72.4555
1505.375	69.217	8.64	68.083	3.4352	3.9099	7.1674	0.24035	72.863
1505.5	69.217	8.64	68.083	3.708	4.086	7.279	0.24035	72.863
1505.625	69.217	8.64	68.083	4.0001	4.067	6.2338	0.24035	72.863
1505.75	70.666	8.6065	52.8345	4.2895	4.07	5.294	0.19484	72.592
1505.875	80.095	8.6058	46.725	4.5115	4.145	4.7906	0.1637	71.891
1506	80.095	8.6058	46.725	4.6	4.269	4.792	0.1637	71.891
1506.125	80.095	8.6058	46.725	4.4987	4.3845	5.294	0.1637	71.891
1506.25	84.248	8.605	54.989	4.216	4.3745	6.082	0.17133	70.236
1506.375	74.608	8.6042	58.27	3.8823	4.2348	6.6421	0.19329	69.752
1506.5	74.608	8.6042	58.27	3.566	3.948	6.299	0.19329	69.752
1506.625	74.608	8.6042	58.27	3.2977	3.6184	5.4182	0.19329	69.752
1506.75	75.305	8.6035	51.708	3.0795	3.309	4.4315	0.17595	70.642
1506.875	86.464	8.6027	50.347	2.8875	3.0536	3.7072	0.1716	70.492
1507	86.464	8.6027	50.347	2.707	2.85	3.266	0.1716	70.492
1507.125	86.464	8.6027	50.347	2.5482	2.698	3.084	0.1716	70.492
1507.25	95.295	8.602	59.873	2.42	2.5735	2.994	0.199605	71.045
1507.375	96.513	8.6012	67.825	2.3495	2.4873	2.9633	0.23204	73.158
1507.5	96.513	8.6012	67.825	2.334	2.439	2.963	0.23204	73.158
1507.625	96.513	8.6012	67.825	2.4093	2.4693	3.0463	0.23204	73.158
1507.75	97.5545	8.6005	68.2965	2.5445	2.574	3.2705	0.2469	72.786
1507.875	93.609	8.5997	67.566	2.9015	2.9704	4.3806	0.25044	71.005
1508	93.609	8.5997	67.566	2.921	2.995	4.46	0.25044	71.005
1508.125	93.609	8.5997	67.566	2.7682	2.7274	2.9769	0.25044	71.005
1508.25	88.1893	8.599	66.681	2.7485	2.7097	2.9488	0.243945	73.0348
1508.375	89.0745	8.6	61.938	2.7288	2.6921	2.9206	0.21878	73.0995
1508.5	89.0745	8.6	61.938	2.709	2.6745	2.8925	0.21878	73.0995
1508.625	89.0745	8.6	61.938	2.6892	2.6569	2.8644	0.21878	73.0995
1508.75	89.9597	8.609	55.115	2.6695	2.6393	2.8363	0.203175	73.1642
1508.875	90.845	8.618	55.186	2.6498	2.6216	2.8081	0.20985	73.229
1509	90.845	8.618	55.186	2.63	2.604	2.78	0.20985	73.229
1509.125	90.845	8.618	55.186	2.0279	2.1364	2.8211	0.20985	73.229
1509.25	93.5233	8.609	64.8745	2.0297	2.1367	2.8182	0.244605	71.2745
1509.375	93.4625	8.6	72.359	2.0316	2.1371	2.8154	0.26911	71.3
1509.5	93.4625	8.6	72.359	2.0335	2.1375	2.8125	0.26911	71.3
1509.625	93.4625	8.6	72.359	2.0354	2.1379	2.8096	0.26911	71.3
1509.75	93.4017	8.5998	73.0625	2.0373	2.1382	2.8068	0.2737	71.3255
1509.875	93.341	8.5997	71.911	2.0391	2.1386	2.8039	0.27357	71.351
1510	93.341	8.5997	71.911	2.041	2.139	2.801	0.27357	71.351
1510.125	93.341	8.5997	71.911	2.133	2.2369	2.8641	0.27357	71.351
1510.25	92.1032	8.5995	68.7295	2.132	2.2378	2.8693	0.27335	71.7028
1510.375	92.0205	8.5993	65.435	2.131	2.2386	2.8744	0.27105	71.7595
1510.5	92.0205	8.5993	65.435	2.13	2.2395	2.8795	0.27105	71.7595
1510.625	92.0205	8.5993	65.435	2.129	2.2404	2.8846	0.27105	71.7595
1510.75	91.9378	8.5992	65.3015	2.128	2.2413	2.8898	0.26897	71.8163
1510.875	91.855	8.599	65.651	2.127	2.2421	2.8949	0.26744	71.873
1511	91.855	8.599	65.651	2.126	2.243	2.9	0.26744	71.873
1511.125	91.855	8.599	65.651	2.0021	2.0494	2.5627	0.26744	71.873
1511.25	98.0218	8.5975	63.722	2.0043	2.0517	2.5695	0.263905	72.2863
1511.375	97.9095	8.576	63.432	2.0064	2.0541	2.5763	0.26106	72.2965
1511.5	97.9095	8.576	63.432	2.0085	2.0565	2.583	0.26106	72.2965
1511.625	97.9095	8.576	63.432	2.0106	2.0589	2.5897	0.26106	72.2965
1511.75	97.7972	8.5315	67.1465	2.0127	2.0612	2.5965	0.26584	72.3067
1511.875	97.685	8.503	70.631	2.0149	2.0636	2.6033	0.27836	72.317
1512	97.685	8.503	70.631	2.017	2.066	2.61	0.27836	72.317
1512.125	97.685	8.503	70.631	3.2021	3.245	4.8519	0.27836	72.317
1512.25	86.1768	8.4975	71.764	3.2413	3.278	4.9057	0.28897	73.2178
1512.375	85.7995	8.476	70.307	3.2804	3.311	4.9596	0.28955	73.2865
1512.5	85.7995	8.476	70.307	3.3195	3.344	5.0135	0.28955	73.2865
1512.625	85.7995	8.476	70.307	3.3586	3.377	5.0674	0.28955	73.2865
1512.75	85.4222	8.4315	66.033	3.3978	3.41	5.1213	0.281125	73.3553
1512.875	85.045	8.403	62.011	3.4369	3.443	5.1751	0.26943	73.424
1513	85.045	8.403	62.011	3.476	3.476	5.229	0.26943	73.424
1513.125	85.045	8.403	62.011	4.4995	4.6654	5.7895	0.26943	73.424
1513.25	81.3835	8.3935	59.4765	4.471	4.6388	5.736	0.259805	74.3855
1513.375	82.195	8.371	56.446	4.4425	4.6121	5.6825	0.24747	74.561
1513.5	82.195	8.371	56.446	4.414	4.5855	5.629	0.24747	74.561
1513.625	82.195	8.371	56.446	4.3855	4.5589	5.5755	0.24747	74.561
1513.75	83.0065	8.3345	50.6635	4.357	4.5322	5.522	0.227065	74.7365
1513.875	83.818	8.308	48.917	4.3285	4.5056	5.4685	0.21605	74.912
1514	83.818	8.308	48.917	4.3	4.479	5.415	0.21605	74.912
1514.125	83.818	8.308	48.917	4.9548	5.6019	8.4738	0.21605	74.912
1514.25	84.692	8.3095	54.886	5.0205	5.7038	8.8355	0.227375	76.9705
1514.375	83.392	8.325	61.776	5.0862	5.8056	9.1973	0.25015	77.018
1514.5	83.392	8.325	61.776	5.152	5.9075	9.559	0.25015	77.018
1514.625	83.392	8.325	61.776	5.2178	6.0094	9.9207	0.25015	77.018
1514.75	82.092	8.327	66.9195	5.2835	6.1112	10.2825	0.26281	77.0655
1514.875	80.792	8.312	70.569	5.3492	6.2131	10.6442	0.25548	77.113
1515	80.792	8.312	70.569	5.415	6.315	11.006	0.25548	77.113
1515.125	80.792	8.312	70.569	30.1826	18.925	19.9677	0.25548	77.113
1515.25	74.025	8.301	73.4155	30.4403	18.925	20.0035	0.2209	81.141
1515.375	73.178	8.3008	72.672	30.6979	18.925	20.0392	0.19702	81.345
1515.5	73.178	8.3008	72.672	30.9555	18.925	20.075	0.19702	81.345
1515.625	73.178	8.3008	72.672	31.2131	18.925	20.1108	0.19702	81.345
1515.75	72.331	8.3006	69.055	31.4707	18.925	20.1465	0.18226	81.549
1515.875	71.484	8.3003	65.175	31.7284	18.925	20.1823	0.1976	81.753
1516	71.484	8.3003	65.175	31.986	18.925	20.218	0.1976	81.753
1516.125	71.484	8.3003	65.175	26.474	16.9362	19.9177	0.1976	81.753
1516.25	69.9605	8.3001	56.9795	26.448	16.9095	20.0875	0.190675	83.109
1516.375	69.51	8.2999	50.122	26.422	16.8827	20.2572	0.17378	83.042
1516.5	69.51	8.2999	50.122	26.396	16.856	20.427	0.17378	83.042
1516.625	69.51	8.2999	50.122	26.37	16.8293	20.5968	0.17378	83.042
1516.75	69.0595	8.2997	56.6975	26.344	16.8025	20.7665	0.16981	82.975
1516.875	68.609	8.2994	68.61	26.318	16.7758	20.9363	0.15737	82.908
1517	68.609	8.2994	68.61	26.292	16.749	21.106	0.15737	82.908
1517.125	68.609	8.2994	68.61	21.0909	13.7078	14.373	0.15737	82.908
1517.25	78.6515	8.2992	69.83	21.0527	13.6985	14.486	0.13662	82.1513
1517.375	78.202	8.299	61.687	21.0146	13.6892	14.599	0.1245	82.0385
1517.5	78.202	8.299	61.687	20.9765	13.68	14.712	0.1245	82.0385
1517.625	78.202	8.299	61.687	20.9384	13.6707	14.825	0.1245	82.0385
1517.75	77.7525	8.3015	55.449	20.9002	13.6615	14.938	0.11897	81.9258
1517.875	77.303	8.323	55.138	20.8621	13.6522	15.051	0.13325	81.813
1518	77.303	8.323	55.138	20.824	13.643	15.164	0.13325	81.813
1518.125	77.303	8.323	55.138	20.1005	16.017	22.214	0.13325	81.813
1518.25	69.444	8.369	53.4745	20.099	16.03	22.062	0.14643	79.3978
1518.375	69.039	8.421	48.9855	20.0975	16.043	21.91	0.133985	79.3015
1518.5	69.039	8.421	48.9855	20.096	16.056	21.758	0.133985	79.3015
1518.625	69.039	8.421	48.9855	20.0945	16.069	21.606	0.133985	79.3015
1518.75	68.634	8.484	48.4695	20.093	16.082	21.454	0.11509	79.2053
1518.875	68.229	8.556	53.127	20.0915	16.095	21.302	0.09956	79.109
1519	68.229	8.556	53.127	20.09	16.108	21.15	0.09956	79.109
1519.125	68.229	8.556	53.127	19.0355	18.2704	29.3984	0.09956	79.109
1519.25	64.5717	8.609	58.905	19.056	18.2917	29.6248	0.08809	78.5417
1519.375	64.3615	8.659	65.688	19.0765	18.3131	29.8511	0.08353	78.5195
1519.5	64.3615	8.659	65.688	19.097	18.3345	30.0775	0.08353	78.5195
1519.625	64.3615	8.659	65.688	19.1175	18.3559	30.3039	0.08353	78.5195
1519.75	64.1513	8.692	67.583	19.138	18.3773	30.5303	0.075795	78.4973
1519.875	63.941	8.707	64.217	19.1585	18.3986	30.7566	0.06851	78.475
1520	63.941	8.707	64.217	19.179	18.42	30.983	0.06851	78.475
1520.125	63.941	8.707	64.217	20.4074	16.9808	21.427	0.06851	78.475
1520.25	65.7995	8.734	58.569	20.3148	16.9725	21.661	0.05982	77.7978
1520.375	65.469	8.771	55.22	20.2221	16.9643	21.895	0.05674	77.7515
1520.5	65.469	8.771	55.22	20.1295	16.956	22.129	0.05674	77.7515
1520.625	65.469	8.771	55.22	20.0369	16.9478	22.363	0.05674	77.7515
1520.75	65.1385	8.794	60.885	19.9443	16.9395	22.597	0.058525	77.7052
1520.875	64.808	8.809	63.534	19.8516	16.9312	22.831	0.05878	77.659
1521	64.808	8.809	63.534	19.759	16.923	23.065	0.05878	77.659
1521.125	64.808	8.809	63.534	44.2083	18.6978	27.6236	0.05878	77.659
1521.25	64.2445	8.8335	56.113	45.2715	18.8405	27.8472	0.0564	75.6935
1521.375	63.979	8.852	48.321	46.3348	18.9832	28.0709	0.05143	75.798
1521.5	63.979	8.852	48.321	47.398	19.126	28.2945	0.05143	75.798
1521.625	63.979	8.852	48.321	48.4613	19.2688	28.5181	0.05143	75.798
1521.75	63.7135	8.874	47.4945	49.5245	19.4115	28.7417	0.050625	75.9025
1521.875	63.448	8.896	51.418	50.5877	19.5543	28.9654	0.05374	76.007
1522	63.448	8.896	51.418	51.651	19.697	29.189	0.05374	76.007
1522.125	63.448	8.896	51.418	5.5752	5.9005	6.8229	0.05374	76.007
1522.25	66.5145	8.9165	49.3385	5.4635	5.763	6.6068	0.05248	73.5778
1522.375	67.557	8.958	42.71	5.3517	5.6255	6.3906	0.05222	73.5555
1522.5	67.557	8.958	42.71	5.24	5.488	6.1745	0.05222	73.5555
1522.625	67.557	8.958	42.71	5.1283	5.3505	5.9584	0.05222	73.5555
1522.75	68.5995	8.992	40.8295	5.0165	5.213	5.7422	0.053005	73.5332
1522.875	69.642	9	48.894	4.9048	5.0755	5.5261	0.05711	73.511
1523	69.642	9	48.894	4.793	4.938	5.31	0.05711	73.511
1523.125	69.642	9	48.894	4.1025	4.6881	8.7864	0.05711	73.511
1523.25	77.975	9.0165	74.3745	4.166	4.7572	9.1217	0.07375	71.8863
1523.375	77.051	9.058	106.144	4.2295	4.8264	9.4571	0.11315	71.9585
1523.5	77.051	9.058	106.144	4.293	4.8955	9.7925	0.11315	71.9585
1523.625	77.051	9.058	106.144	4.3565	4.9646	10.1279	0.11315	71.9585
1523.75	76.127	9.092	113.6935	4.42	5.0338	10.4633	0.173995	72.0307
1523.875	75.203	9.099	94.27	4.4835	5.1029	10.7986	0.18363	72.103
1524	75.203	9.099	94.27	4.547	5.172	11.134	0.18363	72.103
1524.125	75.203	9.099	94.27	19.7344	11.9414	15.0494	0.18363	72.103
1524.25	71.5173	9.101	66.968	19.6077	11.9967	15.0907	0.150405	74.391
1524.375	71.1805	9.112	46.478	19.4811	12.0521	15.1321	0.13409	74.655
1524.5	71.1805	9.112	46.478	19.3545	12.1075	15.1735	0.13409	74.655
1524.625	71.1805	9.112	46.478	19.2279	12.1629	15.2149	0.13409	74.655
1524.75	70.8438	9.117	39.2685	19.1012	12.2183	15.2563	0.123615	74.919
1524.875	70.507	9.11	39.713	18.9746	12.2736	15.2976	0.1255	75.183
1525	70.507	9.11	39.713	18.848	12.329	15.339	0.1255	75.183
1525.125	70.507	9.11	39.713	23.6859	16.8775	23.591	0.1255	75.183
1525.25	63.4378	9.13	39.6135	23.9288	16.983	23.997	0.117535	76.3002
1525.375	63.3005	9.162	36.782	24.1716	17.0885	24.403	0.09669	76.4065
1525.5	63.3005	9.162	36.782	24.4145	17.194	24.809	0.09669	76.4065
1525.625	63.3005	9.162	36.782	24.6574	17.2995	25.215	0.09669	76.4065
1525.75	63.1632	9.169	33.4495	24.9002	17.405	25.621	0.08457	76.5128
1525.875	63.026	9.173	30.784	25.1431	17.5105	26.027	0.08191	76.619
1526	63.026	9.173	30.784	25.386	17.616	26.433	0.08191	76.619
1526.125	63.026	9.173	30.784	18.7251	15.7679	18.4105	0.08191	76.619
1526.25	67.5205	9.1815	28.0155	18.5632	15.6587	18.218	0.078975	75.159
1526.375	68.004	9.158	26.885	18.4014	15.5496	18.0255	0.07181	75.148
1526.5	68.004	9.158	26.885	18.2395	15.4405	17.833	0.07181	75.148
1526.625	68.004	9.158	26.885	18.0776	15.3314	17.6405	0.07181	75.148
1526.75	68.4875	9.1165	31.7525	17.9157	15.2222	17.448	0.066225	75.137
1526.875	68.971	9.1	41.571	17.7539	15.1131	17.2555	0.06605	75.126
1527	68.971	9.1	41.571	17.592	15.004	17.063	0.06605	75.126
1527.125	68.971	9.1	41.571	13.9894	13.819	17.1194	0.06605	75.126
1527.25	68.8997	9.0999	52.1185	13.9757	13.801	17.0537	0.07284	74.8343
1527.375	68.7045	9.0999	56.345	13.9621	13.783	16.9881	0.07895	74.8965
1527.5	68.7045	9.0999	56.345	13.9485	13.765	16.9225	0.07895	74.8965
1527.625	68.7045	9.0999	56.345	13.9349	13.747	16.8569	0.07895	74.8965
1527.75	68.5093	9.0998	50.744	13.9213	13.729	16.7913	0.080355	74.9588
1527.875	68.314	9.0997	45.816	13.9076	13.711	16.7256	0.07647	75.021
1528	68.314	9.0997	45.816	13.894	13.693	16.66	0.07647	75.021
1528.125	68.314	9.0997	45.816	9.8665	10.154	12.1397	0.07647	75.021
1528.25	69.1055	9.0996	43.773	9.808	10.104	12.0975	0.070785	74.6787
1528.375	69.183	9.0996	40.767	9.7495	10.054	12.0553	0.06974	74.8445
1528.5	69.183	9.0996	40.767	9.691	10.004	12.013	0.06974	74.8445
1528.625	69.183	9.0996	40.767	9.6325	9.954	11.9707	0.06974	74.8445
1528.75	69.2605	9.0995	40.647	9.574	9.904	11.9285	0.07185	75.0103
1528.875	69.338	9.0994	41.804	9.5155	9.854	11.8862	0.07388	75.176
1529	69.338	9.0994	41.804	9.457	9.804	11.844	0.07388	75.176
1529.125	69.338	9.0994	41.804	9.9861	9.8354	12.6464	0.07388	75.176
1529.25	70.835	9.0994	41.097	10.0683	9.9128	12.8267	0.07659	74.2357
1529.375	70.839	9.0993	40.893	10.1504	9.9901	13.0071	0.07905	74.3085
1529.5	70.839	9.0993	40.893	10.2325	10.0675	13.1875	0.07905	74.3085
1529.625	70.839	9.0993	40.893	10.3146	10.1449	13.3679	0.07905	74.3085
1529.75	70.843	9.0992	42.591	10.3967	10.2222	13.5483	0.081865	74.3813
1529.875	70.847	9.0991	45.078	10.4789	10.2996	13.7286	0.08493	74.454
1530	70.847	9.0991	45.078	10.561	10.377	13.909	0.08493	74.454
1530.125	70.847	9.0991	45.078	24.9005	17.8474	34.3063	0.08493	74.454
1530.25	60.4868	9.0991	46.847	24.99	17.9578	34.4255	0.084945	74.877
1530.375	60.3795	9.099	43.813	25.0795	18.0681	34.5448	0.07633	74.865
1530.5	60.3795	9.099	43.813	25.169	18.1785	34.664	0.07633	74.865
1530.625	60.3795	9.099	43.813	25.2585	18.2889	34.7832	0.07633	74.865
1530.75	60.2723	9.0995	37.121	25.348	18.3993	34.9025	0.063305	74.853
1530.875	60.165	9.11	33.254	25.4375	18.5096	35.0217	0.051	74.841
1531	60.165	9.11	33.254	25.527	18.62	35.141	0.051	74.841
1531.125	60.165	9.11	33.254	17.5623	16.2864	19.7559	0.051	74.841
1531.25	67.1188	9.149	32.412	17.5415	16.2847	19.9498	0.04154	76.608
1531.375	67.0715	9.188	37.007	17.5208	16.2831	20.1436	0.03811	76.669
1531.5	67.0715	9.188	37.007	17.5	16.2815	20.3375	0.03811	76.669
1531.625	67.0715	9.188	37.007	17.4792	16.2799	20.5314	0.03811	76.669
1531.75	67.0242	9.1985	45.6885	17.4585	16.2782	20.7253	0.04539	76.73
1531.875	66.977	9.1986	51.859	17.4377	16.2766	20.9191	0.06092	76.791
1532	66.977	9.1986	51.859	17.417	16.275	21.113	0.06092	76.791
1532.125	66.977	9.1986	51.859	29.2788	20.2127	27.4408	0.06092	76.791
1532.25	65.0697	9.1987	53.477	29.1595	20.2225	27.3895	0.073035	75.5143
1532.375	64.9065	9.1988	50.034	29.0403	20.2323	27.3383	0.07633	75.4925
1532.5	64.9065	9.1988	50.034	28.921	20.242	27.287	0.07633	75.4925
1532.625	64.9065	9.1988	50.034	28.8018	20.2517	27.2358	0.07633	75.4925
1532.75	64.7433	9.1989	45.078	28.6825	20.2615	27.1845	0.078645	75.4707
1532.875	64.58	9.199	38.768	28.5632	20.2712	27.1333	0.07642	75.449
1533	64.58	9.199	38.768	28.444	20.281	27.082	0.07642	75.449
1533.125	64.58	9.199	38.768	13.49	11.8356	12.3033	0.07642	75.449
1533.25	70.4317	9.1995	32.4455	13.382	11.7802	12.2705	0.069965	72.5735
1533.375	70.7825	9.207	31.678	13.274	11.7249	12.2378	0.06632	72.53
1533.5	70.7825	9.207	31.678	13.166	11.6695	12.205	0.06632	72.53
1533.625	70.7825	9.207	31.678	13.058	11.6141	12.1723	0.06632	72.53
1533.75	71.1333	9.229	36.1835	12.95	11.5588	12.1395	0.067145	72.4865
1533.875	71.484	9.254	46.153	12.842	11.5034	12.1067	0.07154	72.443
1534	71.484	9.254	46.153	12.734	11.448	12.074	0.07154	72.443
1534.125	71.484	9.254	46.153	11.1831	10.2975	12.1296	0.07154	72.443
1534.25	69.501	9.2785	55.927	11.2603	10.33	12.1593	0.08259	75.6393
1534.375	69.626	9.296	55.166	11.3374	10.3625	12.1889	0.08939	75.7505
1534.5	69.626	9.296	55.166	11.4145	10.395	12.2185	0.08939	75.7505
1534.625	69.626	9.296	55.166	11.4916	10.4275	12.2481	0.08939	75.7505
1534.75	69.751	9.2962	49.7955	11.5687	10.46	12.2778	0.08416	75.8617
1534.875	69.876	9.2964	49.535	11.6459	10.4925	12.3074	0.08151	75.973
1535	69.876	9.2964	49.535	11.723	10.525	12.337	0.08151	75.973
1535.125	69.876	9.2964	49.535	16.8105	14.2889	19.0428	0.08151	75.973
1535.25	65.1305	9.2966	51.04	16.821	14.2798	18.9055	0.084055	76.0098
1535.375	65.174	9.2968	48.794	16.8315	14.2706	18.7682	0.0844	75.9465
1535.5	65.174	9.2968	48.794	16.842	14.2615	18.631	0.0844	75.9465
1535.625	65.174	9.2968	48.794	16.8525	14.2524	18.4938	0.0844	75.9465
1535.75	65.2175	9.297	44.572	16.863	14.2432	18.3565	0.078485	75.8832
1535.875	65.261	9.2972	45.019	16.8735	14.2341	18.2192	0.07141	75.82
1536	65.261	9.2972	45.019	16.884	14.225	18.082	0.07141	75.82
1536.125	65.261	9.2972	45.019	11.1821	11.3135	13.8997	0.07141	75.82
1536.25	66.8867	9.2974	50.9055	11.0912	11.233	13.8495	0.0686	73.2815
1536.375	66.9635	9.2976	54.447	11.0004	11.1525	13.7992	0.06847	73.195
1536.5	66.9635	9.2976	54.447	10.9095	11.072	13.749	0.06847	73.195
1536.625	66.9635	9.2976	54.447	10.8186	10.9915	13.6987	0.06847	73.195
1536.75	67.0402	9.2978	55.2275	10.7277	10.911	13.6485	0.07226	73.1085
1536.875	67.117	9.298	55.997	10.6369	10.8305	13.5983	0.07793	73.022
1537	67.117	9.298	55.997	10.546	10.75	13.548	0.07793	73.022
1537.125	67.117	9.298	55.997	7.1105	6.9454	7.8057	0.07793	73.022
1537.25	75.5188	9.2982	55.6495	7.029	6.8938	7.8755	0.077465	75.0993
1537.375	75.3595	9.2984	55.47	6.9475	6.8421	7.9453	0.07574	75.2375
1537.5	75.3595	9.2984	55.47	6.866	6.7905	8.015	0.07574	75.2375
1537.625	75.3595	9.2984	55.47	6.7845	6.7389	8.0848	0.07574	75.2375
1537.75	75.2002	9.2986	58.829	6.703	6.6873	8.1545	0.07911	75.3757
1537.875	75.041	9.2988	65.489	6.6215	6.6356	8.2242	0.09148	75.514
1538	75.041	9.2988	65.489	6.54	6.584	8.294	0.09148	75.514
1538.125	75.041	9.2988	65.489	5.9434	9.5113	8.0792	0.09148	75.514
1538.25	69.6543	9.299	67.679	5.9107	9.4815	8.0955	0.10557	76.8685
1538.375	68.9475	9.32	64.833	5.8781	9.4518	8.1117	0.10759	76.832
1538.5	68.9475	9.32	64.833	5.8455	9.422	8.128	0.10759	76.832
1538.625	68.9475	9.32	64.833	5.8129	9.3923	8.1442	0.10759	76.832
1538.75	68.2407	9.4775	64.0295	5.7803	9.3625	8.1605	0.102435	76.7955
1538.875	67.534	9.551	61.685	5.7476	9.3328	8.1768	0.11124	76.759
1539	67.534	9.551	61.685	5.715	9.303	8.193	0.11124	76.759
1539.125	67.534	9.551	61.685	23.7868	15.3279	34.7805	0.11124	76.759
1539.25	61.317	9.2405	55.9545	24.3945	15.6047	35.27	0.126085	71.8528
1539.375	61.051	8.945	58.233	25.0023	15.8816	35.7595	0.1141	72.0205
1539.5	61.051	8.945	58.233	25.61	16.1585	36.249	0.1141	72.0205
1539.625	61.051	8.945	58.233	26.2178	16.4354	36.7385	0.1141	72.0205
1539.75	60.785	8.894	62.6195	26.8255	16.7122	37.228	0.096235	72.1882
1539.875	60.519	8.871	56.179	27.4333	16.9891	37.7175	0.07153	72.356
1540	60.519	8.871	56.179	28.041	17.266	38.207	0.07153	72.356
1540.125	60.519	8.871	56.179	36.2839	31.9699	32.4043	0.07153	72.356
1540.25	61.0283	8.834	46.1285	36.1777	31.8807	32.3415	0.050275	77.8223
1540.375	61.2015	8.807	37.994	36.0716	31.7916	32.2787	0.03736	77.9685
1540.5	61.2015	8.807	37.994	35.9655	31.7025	32.216	0.03736	77.9685
1540.625	61.2015	8.807	37.994	35.8594	31.6134	32.1533	0.03736	77.9685
1540.75	61.3747	8.7925	32.1065	35.7533	31.5243	32.0905	0.03236	78.1148
1540.875	61.548	8.769	31.215	35.6471	31.4351	32.0277	0.03433	78.261
1541	61.548	8.769	31.215	35.541	31.346	31.965	0.03433	78.261
1541.125	61.548	8.769	31.215	34.9836	26.5995	32.5245	0.03433	78.261
1541.25	61.786	8.7595	36.554	35.1343	26.65	32.457	0.041035	79.2077
1541.375	61.726	8.748	42.506	35.2849	26.7005	32.3895	0.04774	79.1315
1541.5	61.726	8.748	42.506	35.4355	26.751	32.322	0.04774	79.1315
1541.625	61.726	8.748	42.506	35.5861	26.8015	32.2545	0.04774	79.1315
1541.75	61.666	8.716	44.0735	35.7367	26.852	32.187	0.055115	79.0552
1541.875	61.606	8.7	45.421	35.8874	26.9025	32.1195	0.06419	78.979
1542	61.606	8.7	45.421	36.038	26.953	32.052	0.06419	78.979
1542.125	61.606	8.7	45.421	40.021	23.4754	25.4746	0.06419	78.979
1542.25	63.5202	8.722	44.9335	40.085	23.3557	25.6693	0.0688	73.1507
1542.375	63.4205	8.786	41.333	40.149	23.2361	25.8639	0.06728	73.1715
1542.5	63.4205	8.786	41.333	40.213	23.1165	26.0585	0.06728	73.1715
1542.625	63.4205	8.786	41.333	40.277	22.9969	26.2531	0.06728	73.1715
1542.75	63.3208	8.857	39.726	40.341	22.8773	26.4478	0.06664	73.1922
1542.875	63.221	8.895	39.448	40.405	22.7576	26.6424	0.06934	73.213
1543	63.221	8.895	39.448	40.469	22.638	26.837	0.06934	73.213
1543.125	63.221	8.895	39.448	14.9099	14.3767	15.1695	0.06934	73.213
1543.25	63.0073	8.931	37.027	14.5917	14.1995	14.981	0.06775	72.5802
1543.375	63.4545	8.979	34.274	14.2736	14.0223	14.7925	0.06146	72.6165
1543.5	63.4545	8.979	34.274	13.9555	13.845	14.604	0.06146	72.6165
1543.625	63.4545	8.979	34.274	13.6374	13.6677	14.4155	0.06146	72.6165
1543.75	63.9017	9.029	35.5135	13.3193	13.4905	14.227	0.053875	72.6528
1543.875	64.349	9.076	41.466	13.0011	13.3132	14.0385	0.05083	72.689
1544	64.349	9.076	41.466	12.683	13.136	13.85	0.05083	72.689
1544.125	64.349	9.076	41.466	6.7773	7.1025	8.9445	0.05083	72.689
1544.25	73.1052	9.097	49.7605	6.7655	7.113	9.045	0.05418	78.0997
1544.375	72.7925	9.099	54.559	6.7537	7.1235	9.1455	0.06302	77.9385
1544.5	72.7925	9.099	54.559	6.742	7.134	9.246	0.06302	77.9385
1544.625	72.7925	9.099	54.559	6.7303	7.1445	9.3465	0.06302	77.9385
1544.75	72.4798	9.0995	56.968	6.7185	7.155	9.447	0.075035	77.7773
1544.875	72.167	9.11	60.825	6.7067	7.1655	9.5475	0.08967	77.616
1545	72.167	9.11	60.825	6.695	7.176	9.648	0.08967	77.616
1545.125	72.167	9.11	60.825	10.3942	9.1949	11.0744	0.08967	77.616
1545.25	72.0295	9.149	61.2755	10.4965	9.3088	11.3617	0.095485	73.9272
1545.375	71.903	9.188	57.513	10.5988	9.4226	11.6491	0.08981	74.1325
1545.5	71.903	9.188	57.513	10.701	9.5365	11.9365	0.08981	74.1325
1545.625	71.903	9.188	57.513	10.8032	9.6504	12.2239	0.08981	74.1325
1545.75	71.7765	9.1985	57.0375	10.9055	9.7642	12.5112	0.08445	74.3378
1545.875	71.65	9.1986	64.658	11.0077	9.8781	12.7986	0.08851	74.543
1546	71.65	9.1986	64.658	11.11	9.992	13.086	0.08851	74.543
1546.125	71.65	9.1986	64.658	37.8968	19.2871	26.1134	0.08851	74.543
1546.25	60.6222	9.1986	70.0195	38.1755	19.3253	25.9507	0.09442	75.2992
1546.375	60.7185	9.1987	62.426	38.4543	19.3634	25.7881	0.08726	75.2485
1546.5	60.7185	9.1987	62.426	38.733	19.4015	25.6255	0.08726	75.2485
1546.625	60.7185	9.1987	62.426	39.0117	19.4396	25.4629	0.08726	75.2485
1546.75	60.8148	9.1987	48.1455	39.2905	19.4778	25.3003	0.06987	75.1978
1546.875	60.911	9.1988	38.708	39.5692	19.5159	25.1376	0.05654	75.147
1547	60.911	9.1988	38.708	39.848	19.554	24.975	0.05654	75.147
1547.125	60.911	9.1988	38.708	19.4755	14.4957	16.9055	0.05654	75.147
1547.25	62.0708	9.1989	37.019	19.367	14.4335	16.831	0.050635	75.6497
1547.375	62.0855	9.1989	38.629	19.2585	14.3713	16.7565	0.04802	75.8105
1547.5	62.0855	9.1989	38.629	19.15	14.309	16.682	0.04802	75.8105
1547.625	62.0855	9.1989	38.629	19.0415	14.2467	16.6075	0.04802	75.8105
1547.75	62.1003	9.199	40.564	18.933	14.1845	16.533	0.046665	75.9713
1547.875	62.115	9.203	48.25	18.8245	14.1223	16.4585	0.04945	76.132
1548	62.115	9.203	48.25	18.716	14.06	16.384	0.04945	76.132
1548.125	62.115	9.203	48.25	10.1146	9.2813	11.0912	0.04945	76.132
1548.25	64.877	9.224	66.702	10.0672	9.2365	10.9915	0.05602	74.9305
1548.375	65.035	9.235	81.011	10.0199	9.1918	10.8918	0.06167	74.877
1548.5	65.035	9.235	81.011	9.9725	9.147	10.792	0.06167	74.877
1548.625	65.035	9.235	81.011	9.9251	9.1023	10.6922	0.06167	74.877
1548.75	65.193	9.214	83.3815	9.8778	9.0575	10.5925	0.063605	74.8235
1548.875	65.351	9.2	82.591	9.8304	9.0128	10.4928	0.06576	74.77
1549	65.351	9.2	82.591	9.783	8.968	10.393	0.06576	74.77
1549.125	65.351	9.2	82.591	11.6869	10.6228	14.2537	0.06576	74.77
1549.25	68.2383	9.2015	73.7315	11.8277	10.7055	14.3745	0.07056	74.2615
1549.375	68.1595	9.222	61.057	11.9686	10.7882	14.4953	0.08068	74.309
1549.5	68.1595	9.222	61.057	12.1095	10.871	14.616	0.08068	74.309
1549.625	68.1595	9.222	61.057	12.2504	10.9537	14.7367	0.08068	74.309
1549.75	68.0807	9.25	55.691	12.3913	11.0365	14.8575	0.09129	74.3565
1549.875	68.002	9.236	52.498	12.5321	11.1192	14.9783	0.08984	74.404
1550	68.002	9.236	52.498	12.673	11.202	15.099	0.08984	74.404
1550.125	68.002	9.236	52.498	21.076	15.1975	22.2448	0.08984	74.404
1550.25	61.0415	9.2065	49.2565	20.844	15.11	21.9165	0.079375	75.0683
1550.375	61.247	9.2046	47.57	20.612	15.0225	21.5882	0.06801	75.1705
1550.5	61.247	9.2046	47.57	20.38	14.935	21.26	0.06801	75.1705
1550.625	61.247	9.2046	47.57	20.148	14.8475	20.9318	0.06801	75.1705
1550.75	61.4525	9.2028	42.996	19.916	14.76	20.6035	0.05575	75.2728
1550.875	61.658	9.2009	38.008	19.684	14.6725	20.2752	0.04916	75.375
1551	61.658	9.2009	38.008	19.452	14.585	19.947	0.04916	75.375
1551.125	61.658	9.2009	38.008	21.1974	17.1539	19.923	0.04916	75.375
1551.25	69.5055	9.199	38.4715	21.7048	17.5058	20.377	0.049855	71.3518
1551.375	69.251	9.198	40.982	22.2121	17.8576	20.831	0.05727	71.3335
1551.5	69.251	9.198	40.982	22.7195	18.2095	21.285	0.05727	71.3335
1551.625	69.251	9.198	40.982	23.2269	18.5614	21.739	0.05727	71.3335
1551.75	68.9965	9.182	43.308	23.7343	18.9132	22.193	0.071715	71.3152
1551.875	68.742	9.14	45.261	24.2416	19.2651	22.647	0.08709	71.297
1552	68.742	9.14	45.261	24.749	19.617	23.101	0.08709	71.297
1552.125	68.742	9.14	45.261	29.4115	17.8684	22.7909	0.08709	71.297
1552.25	61.1973	9.1065	45.446	28.907	17.6187	22.1887	0.089695	75.4307
1552.375	61.1175	9.099	42.239	28.4025	17.3691	21.5866	0.08696	75.2715
1552.5	61.1175	9.099	42.239	27.898	17.1195	20.9845	0.08696	75.2715
1552.625	61.1175	9.099	42.239	27.3935	16.8699	20.3824	0.08696	75.2715
1552.75	61.0378	9.094	36.494	26.889	16.6203	19.7803	0.08204	75.1123
1552.875	60.958	9.082	34.127	26.3845	16.3706	19.1781	0.07604	74.953
1553	60.958	9.082	34.127	25.88	16.121	18.576	0.07604	74.953
1553.125	60.958	9.082	34.127	18.5287	19.1191	33.6614	0.07604	74.953
1553.25	59.4533	9.084	37.853	18.8935	19.3013	33.8937	0.069485	73.8517
1553.375	59.1705	9.093	45.269	19.2582	19.4834	34.1261	0.06568	73.9195
1553.5	59.1705	9.093	45.269	19.623	19.6655	34.3585	0.06568	73.9195
1553.625	59.1705	9.093	45.269	19.9878	19.8476	34.5909	0.06568	73.9195
1553.75	58.8877	9.084	51.0775	20.3525	20.0297	34.8232	0.063015	73.9873
1553.875	58.605	9.082	47.469	20.7173	20.2119	35.0556	0.05622	74.055
1554	58.605	9.082	47.469	21.082	20.394	35.288	0.05622	74.055
1554.125	58.605	9.082	47.469	22.8938	18.993	19.7768	0.05622	74.055
1554.25	57.6695	9.092	39.8335	22.5905	18.766	19.3865	0.04289	74.0323
1554.375	57.944	9.083	38.364	22.2873	18.539	18.9963	0.03421	74.1545
1554.5	57.944	9.083	38.364	21.984	18.312	18.606	0.03421	74.1545
1554.625	57.944	9.083	38.364	21.6807	18.085	18.2157	0.03421	74.1545
1554.75	58.2185	9.049	38.108	21.3775	17.858	17.8255	0.033225	74.2767
1554.875	58.493	9.015	35.521	21.0742	17.631	17.4352	0.03073	74.399
1555	58.493	9.015	35.521	20.771	17.404	17.045	0.03073	74.399
1555.125	58.493	9.015	35.521	14.6335	15.1844	25.8869	0.03073	74.399
1555.25	62.8927	9.001	36.691	14.525	15.0747	25.7157	0.03366	73.8683
1555.375	62.5155	9.0005	42.448	14.4165	14.9651	25.5446	0.0426	73.8085
1555.5	62.5155	9.0005	42.448	14.308	14.8555	25.3735	0.0426	73.8085
1555.625	62.5155	9.0005	42.448	14.1995	14.7459	25.2024	0.0426	73.8085
1555.75	62.1383	9	47.2	14.091	14.6362	25.0313	0.05217	73.7487
1555.875	61.761	8.9995	46.088	13.9825	14.5266	24.8601	0.05638	73.689
1556	61.761	8.9995	46.088	13.874	14.417	24.689	0.05638	73.689
1556.125	61.761	8.9995	46.088	9.7959	9.9654	11.6096	0.05638	73.689
1556.25	70.951	8.999	41.5375	9.7727	10.0008	11.8263	0.052405	72.4997
1556.375	70.88	9.003	42.332	9.7496	10.0361	12.0429	0.04785	72.3705
1556.5	70.88	9.003	42.332	9.7265	10.0715	12.2595	0.04785	72.3705
1556.625	70.88	9.003	42.332	9.7034	10.1069	12.4761	0.04785	72.3705
1556.75	70.809	9.0315	49.5795	9.6803	10.1423	12.6927	0.053165	72.2412
1556.875	70.738	9.076	57.241	9.6571	10.1776	12.9094	0.06701	72.112
1557	70.738	9.076	57.241	9.634	10.213	13.126	0.06701	72.112
1557.125	70.738	9.076	57.241	34.5858	19.496	28.0363	0.06701	72.112
1557.25	64.782	9.097	58.606	34.6455	19.713	28.8095	0.07113	74.9533
1557.375	64.626	9.1	52.309	34.7052	19.93	29.5828	0.0606	74.8575
1557.5	64.626	9.1	52.309	34.765	20.147	30.356	0.0606	74.8575
1557.625	64.626	9.1	52.309	34.8248	20.364	31.1293	0.0606	74.8575
1557.75	64.47	9.109	45.6975	34.8845	20.581	31.9025	0.05491	74.7617
1557.875	64.314	9.118	43.527	34.9443	20.798	32.6758	0.05537	74.666
1558	64.314	9.118	43.527	35.004	21.015	33.449	0.05537	74.666
1558.125	64.314	9.118	43.527	26.061	16.1551	15.7902	0.05537	74.666
1558.25	60.5198	9.109	41.174	26.063	16.4753	15.8755	0.05341	77.055
1558.375	61.4775	9.1	36.867	26.065	16.7954	15.9607	0.04772	77.142
1558.5	61.4775	9.1	36.867	26.067	17.1155	16.046	0.04772	77.142
1558.625	61.4775	9.1	36.867	26.069	17.4356	16.1312	0.04772	77.142
1558.75	62.4352	9.1135	35.0305	26.071	17.7558	16.2165	0.040505	77.229
1558.875	63.393	9.167	37.58	26.073	18.0759	16.3018	0.03989	77.316
1559	63.393	9.167	37.58	26.075	18.396	16.387	0.03989	77.316
1559.125	63.393	9.167	37.58	15.8149	12.1559	15.4015	0.03989	77.316
1559.25	59.6145	9.225	42.77	15.7048	12.0417	15.124	0.04494	75.9508
1559.375	59.791	9.191	43.882	15.5946	11.9276	14.8465	0.05258	75.8385
1559.5	59.791	9.191	43.882	15.4845	11.8135	14.569	0.05258	75.8385
1559.625	59.791	9.191	43.882	15.3744	11.6994	14.2915	0.05258	75.8385
1559.75	59.9675	9.136	42.032	15.2642	11.5853	14.014	0.052295	75.7262
1559.875	60.144	9.161	42.033	15.1541	11.4711	13.7365	0.04497	75.614
1560	60.144	9.161	42.033	15.044	11.357	13.459	0.04497	75.614
1560.125	60.144	9.161	42.033	10.2369	9.6753	13.8013	0.04497	75.614
1560.25	68.45	9.2085	43.0945	10.3097	9.7215	13.9245	0.04652	70.3852
1560.375	68.384	9.232	47.995	10.3826	9.7677	14.0478	0.05994	70.4055
1560.5	68.384	9.232	47.995	10.4555	9.814	14.171	0.05994	70.4055
1560.625	68.384	9.232	47.995	10.5284	9.8602	14.2942	0.05994	70.4055
1560.75	68.318	9.254	54.0455	10.6012	9.9065	14.4175	0.075105	70.4258
1560.875	68.252	9.275	54.495	10.6741	9.9527	14.5407	0.0795	70.446
1561	68.252	9.275	54.495	10.747	9.999	14.664	0.0795	70.446
1561.125	68.252	9.275	54.495	15.384	11.417	13.5561	0.0795	70.446
1561.25	62.1885	9.2775	51.7765	15.339	11.384	13.4753	0.074885	71.7565
1561.375	62.228	9.274	49.332	15.294	11.351	13.3944	0.06516	71.792
1561.5	62.228	9.274	49.332	15.249	11.318	13.3135	0.06516	71.792
1561.625	62.228	9.274	49.332	15.204	11.285	13.2326	0.06516	71.792
1561.75	62.2675	9.279	46.541	15.159	11.252	13.1517	0.05601	71.8275
1561.875	62.307	9.289	43.294	15.114	11.219	13.0709	0.05254	71.863
1562	62.307	9.289	43.294	15.069	11.186	12.99	0.05254	71.863
1562.125	62.307	9.289	43.294	8.6978	6.9954	9.3449	0.05254	71.863
1562.25	67.2925	9.284	42.742	8.7165	6.9827	9.3398	0.056975	73.3455
1562.375	67.282	9.282	45.809	8.7353	6.9701	9.3346	0.06626	73.22
1562.5	67.282	9.282	45.809	8.754	6.9575	9.3295	0.06626	73.22
1562.625	67.282	9.282	45.809	8.7727	6.9449	9.3244	0.06626	73.22
1562.75	67.2715	9.294	49.0335	8.7915	6.9323	9.3193	0.07557	73.0945
1562.875	67.261	9.303	53.68	8.8103	6.9196	9.3141	0.08362	72.969
1563	67.261	9.303	53.68	8.829	6.907	9.309	0.08362	72.969
1563.125	67.261	9.303	53.68	8.48	8.7974	11.6374	0.08362	72.969
1563.25	65.902	9.332	58.518	8.48	8.7507	11.5898	0.089365	74.4995
1563.375	65.854	9.352	58.375	8.48	8.7041	11.5421	0.09271	74.71
1563.5	65.854	9.352	58.375	8.48	8.6575	11.4945	0.09271	74.71
1563.625	65.854	9.352	58.375	8.48	8.6109	11.4469	0.09271	74.71
1563.75	65.806	9.233	55.068	8.48	8.5642	11.3993	0.093255	74.9205
1563.875	65.758	9.063	51.985	8.48	8.5176	11.3516	0.08907	75.131
1564	65.758	9.063	51.985	8.48	8.471	11.304	0.08907	75.131
1564.125	65.758	9.063	51.985	9.7858	9.6469	11.0965	0.08907	75.131
1564.25	70.7318	9.0025	50.2525	9.8345	9.7198	11.304	0.084005	77.32
1564.375	70.8785	9.0018	50.169	9.8833	9.7926	11.5115	0.0837	77.232
1564.5	70.8785	9.0018	50.169	9.932	9.8655	11.719	0.0837	77.232
1564.625	70.8785	9.0018	50.169	9.9808	9.9384	11.9265	0.0837	77.232
1564.75	71.0252	9.0011	52.868	10.0295	10.0112	12.134	0.088175	77.144
1564.875	71.172	9.0004	57.777	10.0782	10.0841	12.3415	0.09193	77.056
1565	71.172	9.0004	57.777	10.127	10.157	12.549	0.09193	77.056
1565.125	71.172	9.0004	57.777	12.2181	11.0564	11.812	0.09193	77.056
1565.25	60.2025	8.9997	62.0795	12.1022	10.9618	11.616	0.08826	78.4133
1565.375	60.419	8.999	61.37	11.9864	10.8671	11.42	0.07877	78.3995
1565.5	60.419	8.999	61.37	11.8705	10.7725	11.224	0.07877	78.3995
1565.625	60.419	8.999	61.37	11.7546	10.6779	11.028	0.07877	78.3995
1565.75	60.6355	8.99	51.7055	11.6388	10.5833	10.832	0.06306	78.3857
1565.875	60.852	8.949	44.029	11.5229	10.4886	10.636	0.05379	78.372
1566	60.852	8.949	44.029	11.407	10.394	10.44	0.05379	78.372
1566.125	60.852	8.949	44.029	6.6978	7.0286	7.728	0.05379	78.372
1566.25	72.4783	8.931	46.815	6.6805	7.0073	7.714	0.05495	77.9515
1566.375	72.4325	8.969	54.981	6.6632	6.9859	7.7	0.06623	77.81
1566.5	72.4325	8.969	54.981	6.646	6.9645	7.686	0.06623	77.81
1566.625	72.4325	8.969	54.981	6.6288	6.9431	7.672	0.06623	77.81
1566.75	72.3867	8.997	64.2585	6.6115	6.9218	7.658	0.07877	77.6685
1566.875	72.341	8.9972	70.019	6.5943	6.9004	7.644	0.09068	77.527
1567	72.341	8.9972	70.019	6.577	6.879	7.63	0.09068	77.527
1567.125	72.341	8.9972	70.019	6.3304	6.4159	6.5559	0.09068	77.527
1567.25	74.3645	8.9974	69.1265	6.3298	6.4237	6.5577	0.101445	79.1328
1567.375	74.439	8.9976	68.046	6.3291	6.4316	6.5596	0.10215	78.9875
1567.5	74.439	8.9976	68.046	6.3285	6.4395	6.5615	0.10215	78.9875
1567.625	74.439	8.9976	68.046	6.3279	6.4474	6.5634	0.10215	78.9875
1567.75	74.5135	8.9978	71.6935	6.3273	6.4553	6.5652	0.10571	78.8422
1567.875	74.588	8.998	75.34	6.3266	6.4631	6.5671	0.11623	78.697
1568	74.588	8.998	75.34	6.326	6.471	6.569	0.11623	78.697
1568.125	74.588	8.998	75.34	7.2826	7.3544	8.688	0.11623	78.697
1568.25	71.0697	8.9982	76.5455	7.2822	7.3428	8.678	0.12342	76.5105
1568.375	71.0265	8.9984	76.514	7.2819	7.3311	8.668	0.12429	76.3
1568.5	71.0265	8.9984	76.514	7.2815	7.3195	8.658	0.12429	76.3
1568.625	71.0265	8.9984	76.514	7.2811	7.3079	8.648	0.12429	76.3
1568.75	70.9833	8.9986	73.716	7.2808	7.2962	8.638	0.1192	76.0895
1568.875	70.94	8.9988	67.591	7.2804	7.2846	8.628	0.11336	75.879
1569	70.94	8.9988	67.591	7.28	7.273	8.618	0.11336	75.879
1569.125	70.94	8.9988	67.591	6.5334	6.5985	6.6412	0.11336	75.879
1569.25	74.4408	8.999	62.763	6.5168	6.594	6.6675	0.10417	79.6702
1569.375	74.3895	8.996	64.612	6.5001	6.5895	6.6937	0.11005	79.6305
1569.5	74.3895	8.996	64.612	6.4835	6.585	6.72	0.11005	79.6305
1569.625	74.3895	8.996	64.612	6.4669	6.5805	6.7462	0.11005	79.6305
1569.75	74.3382	8.984	71.4425	6.4502	6.576	6.7725	0.11929	79.5908
1569.875	74.287	8.982	75.235	6.4336	6.5715	6.7987	0.11993	79.551
1570	74.287	8.982	75.235	6.417	6.567	6.825	0.11993	79.551
1570.125	74.287	8.982	75.235	6.0861	5.9653	5.7814	0.11993	79.551
1570.25	75.3295	8.994	73.436	6.0743	5.9625	5.7898	0.11729	78.291
1570.375	75.615	8.9946	69.398	6.0624	5.9598	5.7981	0.11663	78.439
1570.5	75.615	8.9946	69.398	6.0505	5.957	5.8065	0.11663	78.439
1570.625	75.615	8.9946	69.398	6.0386	5.9542	5.8149	0.11663	78.439
1570.75	75.9005	8.9952	66.2255	6.0267	5.9515	5.8232	0.121815	78.587
1570.875	76.186	8.9959	64.901	6.0149	5.9488	5.8316	0.1299	78.735
1571	76.186	8.9959	64.901	6.003	5.946	5.84	0.1299	78.735
1571.125	76.186	8.9959	64.901	5.6883	5.6946	5.7199	0.1299	78.735
1571.25	80.228	8.9965	64.034	5.7075	5.7073	5.7267	0.13664	81.4922
1571.375	80.55	8.9971	62.663	5.7267	5.7199	5.7336	0.13795	81.4805
1571.5	80.55	8.9971	62.663	5.746	5.7325	5.7405	0.13795	81.4805
1571.625	80.55	8.9971	62.663	5.7653	5.7451	5.7474	0.13795	81.4805
1571.75	80.872	8.9977	61.3985	5.7845	5.7578	5.7543	0.13968	81.4688
1571.875	81.194	8.9984	61.001	5.8038	5.7704	5.7611	0.1504	81.457
1572	81.194	8.9984	61.001	5.823	5.783	5.768	0.1504	81.457
1572.125	81.194	8.9984	61.001	10.494	10.1389	13.2549	0.1504	81.457
1572.25	68.5095	8.999	60.6235	10.593	10.1987	13.3558	0.16382	81.3248
1572.375	68.012	8.992	58.942	10.692	10.2586	13.4566	0.16724	81.3175
1572.5	68.012	8.992	58.942	10.791	10.3185	13.5575	0.16724	81.3175
1572.625	68.012	8.992	58.942	10.89	10.3784	13.6584	0.16724	81.3175
1572.75	67.5145	8.981	55.404	10.989	10.4382	13.7593	0.15514	81.3102
1572.875	67.017	8.986	53.172	11.088	10.4981	13.8601	0.12975	81.303
1573	67.017	8.986	53.172	11.187	10.558	13.961	0.12975	81.303
1573.125	67.017	8.986	53.172	10.2185	9.8625	9.9329	0.12975	81.303
1573.25	70.4232	8.9975	54.9095	10.186	9.854	9.9198	0.10806	73.191
1573.375	70.6085	8.9977	57.647	10.1535	9.8455	9.9066	0.10125	73.233
1573.5	70.6085	8.9977	57.647	10.121	9.837	9.8935	0.10125	73.233
1573.625	70.6085	8.9977	57.647	10.0885	9.8285	9.8804	0.10125	73.233
1573.75	70.7937	8.998	59.667	10.056	9.82	9.8672	0.102995	73.275
1573.875	70.979	8.9982	61.849	10.0235	9.8115	9.8541	0.1055	73.317
1574	70.979	8.9982	61.849	9.991	9.803	9.841	0.1055	73.317
1574.125	70.979	8.9982	61.849	12.0948	11.1851	14.5143	0.1055	73.317
1574.25	66.9218	8.9985	63.62	12.1635	11.2003	14.4945	0.10737	77.075
1574.375	66.7845	8.9987	64.964	12.2323	11.2154	14.4748	0.109	77.036
1574.5	66.7845	8.9987	64.964	12.301	11.2305	14.455	0.109	77.036
1574.625	66.7845	8.9987	64.964	12.3698	11.2456	14.4353	0.109	77.036
1574.75	66.6472	8.999	65.771	12.4385	11.2607	14.4155	0.10296	76.997
1574.875	66.51	9.003	62.939	12.5072	11.2759	14.3958	0.09217	76.958
1575	66.51	9.003	62.939	12.576	11.291	14.376	0.09217	76.958
1575.125	66.51	9.003	62.939	10.3864	9.2859	10.6286	0.09217	76.958
1575.25	66.9925	9.0315	57.599	10.3267	9.2257	10.5463	0.08375	73.7087
1575.375	67.187	9.076	54.852	10.2671	9.1656	10.4639	0.07968	73.5525
1575.5	67.187	9.076	54.852	10.2075	9.1055	10.3815	0.07968	73.5525
1575.625	67.187	9.076	54.852	10.1479	9.0454	10.2991	0.07968	73.5525
1575.75	67.3815	9.097	54.7625	10.0883	8.9852	10.2168	0.08116	73.3962
1575.875	67.576	9.103	57.38	10.0286	8.9251	10.1344	0.08612	73.24
1576	67.576	9.103	57.38	9.969	8.865	10.052	0.08612	73.24
1576.125	67.576	9.103	57.38	4.4284	4.8546	5.6347	0.08612	73.24
1576.25	77.1723	9.1295	64.942	4.3877	4.8073	5.5655	0.095305	72.8695
1576.375	77.3765	9.163	74.532	4.3471	4.7599	5.4963	0.10934	73.073
1576.5	77.3765	9.163	74.532	4.3065	4.7125	5.427	0.10934	73.073
1576.625	77.3765	9.163	74.532	4.2659	4.6651	5.3577	0.10934	73.073
1576.75	77.5807	9.181	81.784	4.2253	4.6177	5.2885	0.13163	73.2765
1576.875	77.785	9.215	86.859	4.1846	4.5704	5.2193	0.15238	73.48
1577	77.785	9.215	86.859	4.144	4.523	5.15	0.15238	73.48
1577.125	77.785	9.215	86.859	4.4746	4.797	6.2051	0.15238	73.48
1577.25	84.1975	9.2665	91.0205	4.5282	4.864	6.3702	0.169515	73.5693
1577.375	83.683	9.296	93.253	4.5819	4.931	6.5354	0.18433	73.5755
1577.5	83.683	9.296	93.253	4.6355	4.998	6.7005	0.18433	73.5755
1577.625	83.683	9.296	93.253	4.6891	5.065	6.8656	0.18433	73.5755
1577.75	83.1685	9.2975	96.5635	4.7428	5.132	7.0308	0.19782	73.5817
1577.875	82.654	9.299	99.301	4.7964	5.199	7.1959	0.20254	73.588
1578	82.654	9.299	99.301	4.85	5.266	7.361	0.20254	73.588
1578.125	82.654	9.299	99.301	9.9508	8.0262	9.8665	0.20254	73.588
1578.25	63.8532	9.3015	94.7175	9.8395	7.9505	9.643	0.186645	72.079
1578.375	64.4755	9.323	80.674	9.7283	7.8748	9.4195	0.15235	72.322
1578.5	64.4755	9.323	80.674	9.617	7.799	9.196	0.15235	72.322
1578.625	64.4755	9.323	80.674	9.5057	7.7232	8.9725	0.15235	72.322
1578.75	65.0977	9.3665	61.1445	9.3945	7.6475	8.749	0.110705	72.565
1578.875	65.72	9.399	50.15	9.2832	7.5717	8.5255	0.07761	72.808
1579	65.72	9.399	50.15	9.172	7.496	8.302	0.07761	72.808
1579.125	65.72	9.399	50.15	3.1233	3.3231	3.99	0.07761	72.808
1579.25	83.7347	9.4315	54.1005	3.0945	3.2862	3.934	0.06812	74.6035
1579.375	83.9165	9.475	66.853	3.0657	3.2494	3.878	0.08399	74.739
1579.5	83.9165	9.475	66.853	3.037	3.2125	3.822	0.08399	74.739
1579.625	83.9165	9.475	66.853	3.0082	3.1756	3.766	0.08399	74.739
1579.75	84.0983	9.4965	82.153	2.9795	3.1388	3.71	0.11838	74.8745
1579.875	84.28	9.4967	92.624	2.9507	3.1019	3.654	0.15234	75.01
1580	84.28	9.4967	92.624	2.922	3.065	3.598	0.15234	75.01
1580.125	84.28	9.4967	92.624	1.996	2.0451	2.4862	0.15234	75.01
1580.25	101.768	9.497	98.364	1.993	2.0423	2.4875	0.18199	75.0427
1580.375	101.74	9.4972	106.517	1.99	2.0394	2.4887	0.21045	75.0955
1580.5	101.74	9.4972	106.517	1.987	2.0365	2.49	0.21045	75.0955
1580.625	101.74	9.4972	106.517	1.984	2.0336	2.4912	0.21045	75.0955
1580.75	101.712	9.4974	117.0705	1.981	2.0308	2.4925	0.253935	75.1482
1580.875	101.684	9.4976	123.945	1.978	2.0279	2.4937	0.28742	75.201
1581	101.684	9.4976	123.945	1.975	2.025	2.495	0.28742	75.201
1581.125	101.684	9.4976	123.945	2.0689	2.0524	2.5182	0.28742	75.201
1581.25	99.7787	9.4979	127.102	2.0728	2.0547	2.5185	0.296435	71.6563
1581.375	99.9435	9.4981	130.029	2.0766	2.0571	2.5187	0.29511	71.3955
1581.5	99.9435	9.4981	130.029	2.0805	2.0595	2.519	0.29511	71.3955
1581.625	99.9435	9.4981	130.029	2.0844	2.0619	2.5192	0.29511	71.3955
1581.75	100.1083	9.4983	130.3695	2.0882	2.0642	2.5195	0.29471	71.1348
1581.875	100.273	9.4985	129.514	2.0921	2.0666	2.5197	0.2957	70.874
1582	100.273	9.4985	129.514	2.096	2.069	2.52	0.2957	70.874
1582.125	100.273	9.4985	129.514	2.5079	2.5452	3.3104	0.2957	70.874
1582.25	91.506	9.4988	129.339	2.5138	2.5485	3.3067	0.29991	72.7148
1582.375	91.248	9.499	127.784	2.5196	2.5518	3.3031	0.29956	72.8415
1582.5	91.248	9.499	127.784	2.5255	2.555	3.2995	0.29956	72.8415
1582.625	91.248	9.499	127.784	2.5314	2.5582	3.2959	0.29956	72.8415
1582.75	90.99	9.4995	124.023	2.5373	2.5615	3.2923	0.29045	72.9682
1582.875	90.732	9.506	119.041	2.5431	2.5648	3.2886	0.28014	73.095
1583	90.732	9.506	119.041	2.549	2.568	3.285	0.28014	73.095
1583.125	90.732	9.506	119.041	2.5999	2.657	3.2603	0.28014	73.095
1583.25	91.6465	9.517	114.205	2.5998	2.658	3.2615	0.2677	75.1407
1583.375	91.529	9.512	109.879	2.5996	2.659	3.2628	0.25531	75.2135
1583.5	91.529	9.512	109.879	2.5995	2.66	3.264	0.25531	75.2135
1583.625	91.529	9.512	109.879	2.5994	2.661	3.2652	0.25531	75.2135
1583.75	91.4115	9.501	107.2365	2.5992	2.662	3.2665	0.24922	75.2863
1583.875	91.294	9.5009	108.441	2.5991	2.663	3.2678	0.2493	75.359
1584	91.294	9.5009	108.441	2.599	2.664	3.269	0.2493	75.359
1584.125	91.294	9.5009	108.441	2.9992	3.054	3.8722	0.2493	75.359
1584.25	88.8192	9.5008	110.0535	3.0055	3.06	3.8845	0.247415	75.138
1584.375	88.5805	9.5007	108.241	3.0117	3.066	3.8967	0.24184	75.101
1584.5	88.5805	9.5007	108.241	3.018	3.072	3.909	0.24184	75.101
1584.625	88.5805	9.5007	108.241	3.0243	3.078	3.9212	0.24184	75.101
1584.75	88.3418	9.5006	107.6965	3.0305	3.084	3.9335	0.238175	75.064
1584.875	88.103	9.5005	108.364	3.0368	3.09	3.9457	0.23384	75.027
1585	88.103	9.5005	108.364	3.043	3.096	3.958	0.23384	75.027
1585.125	88.103	9.5005	108.364	3.903	3.7756	4.5998	0.23384	75.027
1585.25	83.9605	9.5004	103.4855	3.926	3.7943	4.6235	0.22279	75.143
1585.375	83.828	9.5003	96.24	3.949	3.8129	4.6473	0.20915	75.246
1585.5	83.828	9.5003	96.24	3.972	3.8315	4.671	0.20915	75.246
1585.625	83.828	9.5003	96.24	3.995	3.8501	4.6947	0.20915	75.246
1585.75	83.6955	9.5002	93.863	4.018	3.8687	4.7185	0.201305	75.349
1585.875	83.563	9.5001	95.392	4.041	3.8874	4.7422	0.19666	75.452
1586	83.563	9.5001	95.392	4.064	3.906	4.766	0.19666	75.452
1586.125	83.563	9.5001	95.392	5.3172	4.9524	6.1333	0.19666	75.452
1586.25	75.382	9.5	95.81	5.3105	4.9377	6.0775	0.188025	76.3927
1586.375	75.394	9.4999	93.98	5.3038	4.9231	6.0217	0.18259	76.4105
1586.5	75.394	9.4999	93.98	5.297	4.9085	5.966	0.18259	76.4105
1586.625	75.394	9.4999	93.98	5.2902	4.8939	5.9103	0.18259	76.4105
1586.75	75.406	9.4998	91.7105	5.2835	4.8793	5.8545	0.17808	76.4283
1586.875	75.418	9.4997	85.165	5.2768	4.8646	5.7987	0.16329	76.446
1587	75.418	9.4997	85.165	5.27	4.85	5.743	0.16329	76.446
1587.125	75.418	9.4997	85.165	3.5771	3.6129	4.1946	0.16329	76.446
1587.25	86.1868	9.4996	76.8665	3.5512	3.5897	4.1683	0.154635	71.8262
1587.375	86.3505	9.4995	78.006	3.5254	3.5666	4.1419	0.15973	71.8085
1587.5	86.3505	9.4995	78.006	3.4995	3.5435	4.1155	0.15973	71.8085
1587.625	86.3505	9.4995	78.006	3.4736	3.5204	4.0891	0.15973	71.8085
1587.75	86.5143	9.4994	89.7285	3.4477	3.4973	4.0628	0.176524	71.7908
1587.875	86.678	9.4993	96.449	3.4219	3.4741	4.0364	0.19224	71.773
1588	86.678	9.4993	96.449	3.396	3.451	4.01	0.19224	71.773
1588.125	86.678	9.4993	96.449	2.3085	2.3442	2.5604	0.19224	71.773
1588.25	98.8788	9.4992	100.234	2.3	2.3395	2.5608	0.20981	72.3333
1588.375	99.1375	9.4991	102.357	2.2915	2.3347	2.5611	0.22492	72.3775
1588.5	99.1375	9.4991	102.357	2.283	2.33	2.5615	0.22492	72.3775
1588.625	99.1375	9.4991	102.357	2.2745	2.3253	2.5619	0.22492	72.3775
1588.75	99.3962	9.499	106.406	2.266	2.3205	2.5622	0.23881	72.4218
1588.875	99.655	9.502	112.793	2.2575	2.3158	2.5626	0.25503	72.466
1589	99.655	9.502	112.793	2.249	2.311	2.563	0.25503	72.466
1589.125	99.655	9.502	112.793	2.0974	2.0876	2.5157	0.25503	72.466
1589.25	98.3792	9.521	119.113	2.0968	2.0872	2.5175	0.270485	77.3958
1589.375	98.3685	9.557	124.277	2.0961	2.0869	2.5192	0.27861	77.3695
1589.5	98.3685	9.557	124.277	2.0955	2.0865	2.521	0.27861	77.3695
1589.625	98.3685	9.557	124.277	2.0949	2.0861	2.5228	0.27861	77.3695
1589.75	98.3577	9.587	128.5485	2.0942	2.0858	2.5245	0.282095	77.3432
1589.875	98.347	9.598	130.22	2.0936	2.0854	2.5263	0.28931	77.317
1590	98.347	9.598	130.22	2.093	2.085	2.528	0.28931	77.317
1590.125	98.347	9.598	130.22	2.0887	2.0735	2.4586	0.28931	77.317
1590.25	99.602	9.5981	129.0265	2.1105	2.09	2.4903	0.29902	77.8613
1590.375	100.038	9.5982	128.147	2.1322	2.1065	2.5219	0.30501	77.6085
1590.5	100.038	9.5982	128.147	2.154	2.123	2.5535	0.30501	77.6085
1590.625	100.038	9.5982	128.147	2.1758	2.1395	2.5851	0.30501	77.6085
1590.75	100.474	9.5983	131.7681	2.1975	2.156	2.6168	0.310902	77.3557
1590.875	100.91	9.5984	132.949	2.2192	2.1725	2.6484	0.31266	77.103
1591	100.91	9.5984	132.949	2.241	2.189	2.68	0.31266	77.103
1591.125	100.91	9.5984	132.949	2.4672	2.4871	3.2741	0.31266	77.103
1591.25	95.8488	9.5985	132.9005	2.4695	2.4872	3.2603	0.3154	76.5417
1591.375	95.9105	9.5986	132.594	2.4718	2.4874	3.2464	0.31667	76.7165
1591.5	95.9105	9.5986	132.594	2.474	2.4875	3.2325	0.31667	76.7165
1591.625	95.9105	9.5986	132.594	2.4762	2.4876	3.2186	0.31667	76.7165
1591.75	95.9722	9.5987	132.693	2.4785	2.4878	3.2048	0.31992	76.8913
1591.875	96.034	9.5988	128.905	2.4808	2.4879	3.1909	0.32429	77.066
1592	96.034	9.5988	128.905	2.483	2.488	3.177	0.32429	77.066
1592.125	96.034	9.5988	128.905	2.7226	2.7044	3.4296	0.32429	77.066
1592.25	95.3295	9.5989	122.6295	2.7302	2.7167	3.4602	0.323675	77.4263
1592.375	94.763	9.599	119.368	2.7379	2.7291	3.4909	0.32044	77.2985
1592.5	94.763	9.599	119.368	2.7455	2.7415	3.5215	0.32044	77.2985
1592.625	94.763	9.599	119.368	2.7531	2.7539	3.5521	0.32044	77.2985
1592.75	94.1965	9.6015	121.6305	2.7608	2.7662	3.5828	0.319365	77.1707
1592.875	93.63	9.623	127.242	2.7684	2.7786	3.6134	0.31652	77.043
1593	93.63	9.623	127.242	2.776	2.791	3.644	0.31652	77.043
1593.125	93.63	9.623	127.242	4.0434	3.7875	4.373	0.31652	77.043
1593.25	84.9198	9.6665	130.2275	4.0498	3.799	4.394	0.30808	78.274
1593.375	84.8715	9.695	125.437	4.0561	3.8105	4.415	0.29391	78.189
1593.5	84.8715	9.695	125.437	4.0625	3.822	4.436	0.29391	78.189
1593.625	84.8715	9.695	125.437	4.0689	3.8335	4.457	0.29391	78.189
1593.75	84.8232	9.699	115.702	4.0752	3.845	4.478	0.27325	78.104
1593.875	84.775	9.695	107.623	4.0816	3.8565	4.499	0.24665	78.019
1594	84.775	9.695	107.623	4.088	3.868	4.52	0.24665	78.019
1594.125	84.775	9.695	107.623	3.5576	3.4934	3.6096	0.24665	78.019
1594.25	84.7345	9.6665	103.9485	3.5482	3.4848	3.5972	0.222295	74.358
1594.375	85.036	9.623	99.624	3.5389	3.4761	3.5849	0.20111	74.419
1594.5	85.036	9.623	99.624	3.5295	3.4675	3.5725	0.20111	74.419
1594.625	85.036	9.623	99.624	3.5201	3.4589	3.5601	0.20111	74.419
1594.75	85.3375	9.5992	88.993	3.5108	3.4503	3.5477	0.177007	74.48
1594.875	85.639	9.5991	87.691	3.5014	3.4416	3.5354	0.17417	74.541
1595	85.639	9.5991	87.691	3.492	3.433	3.523	0.17417	74.541
1595.125	85.639	9.5991	87.691	3.5338	3.68	4.7018	0.17417	74.541
1595.25	84.2145	9.5991	92.1928	3.5375	3.686	4.7535	0.190058	77.3143
1595.375	83.141	9.5991	96.129	3.5412	3.692	4.8053	0.19991	77.1885
1595.5	83.141	9.5991	96.129	3.545	3.698	4.857	0.19991	77.1885
1595.625	83.141	9.5991	96.129	3.5487	3.704	4.9088	0.19991	77.1885
1595.75	82.0675	9.5991	101.267	3.5525	3.71	4.9605	0.21132	77.0627
1595.875	80.994	9.5991	102.678	3.5562	3.716	5.0122	0.21403	76.937
1596	80.994	9.5991	102.678	3.56	3.722	5.064	0.21403	76.937
1596.125	80.994	9.5991	102.678	3.4427	3.2884	3.5633	0.21403	76.937
1596.25	87.512	9.5991	100.8895	3.4375	3.2857	3.5665	0.210405	73.9845
1596.375	87.531	9.5991	93.87	3.4323	3.2831	3.5697	0.19522	73.978
1596.5	87.531	9.5991	93.87	3.427	3.2805	3.573	0.19522	73.978
1596.625	87.531	9.5991	93.87	3.4217	3.2779	3.5763	0.19522	73.978
1596.75	87.55	9.599	84.2575	3.4165	3.2752	3.5795	0.175755	73.9715
1596.875	87.569	9.599	82.607	3.4112	3.2726	3.5827	0.16814	73.965
1597	87.569	9.599	82.607	3.406	3.27	3.586	0.16814	73.965
1597.125	87.569	9.599	82.607	3.304	3.1655	3.7118	0.16814	73.965
1597.25	86.0042	9.599	93.977	3.303	3.161	3.7005	0.181925	73.6722
1597.375	85.8735	9.602	102.221	3.302	3.1565	3.6892	0.20221	73.4665
1597.5	85.8735	9.602	102.221	3.301	3.152	3.678	0.20221	73.4665
1597.625	85.8735	9.602	102.221	3.3	3.1475	3.6667	0.20221	73.4665
1597.75	85.7428	9.614	101.3485	3.299	3.143	3.6555	0.20604	73.2607
1597.875	85.612	9.62	100.744	3.298	3.1385	3.6442	0.20199	73.055
1598	85.612	9.62	100.744	3.297	3.134	3.633	0.20199	73.055
1598.125	85.612	9.62	100.744	3.0155	2.9253	3.3924	0.20199	73.055
1598.25	88.2325	9.6365	100.966	3.015	2.9245	3.3907	0.20472	73.8928
1598.375	88.336	9.672	100.873	3.0145	2.9238	3.3891	0.21238	73.7735
1598.5	88.336	9.672	100.873	3.014	2.923	3.3875	0.21238	73.7735
1598.625	88.336	9.672	100.873	3.0135	2.9223	3.3859	0.21238	73.7735
1598.75	88.4395	9.682	103.774	3.013	2.9215	3.3843	0.22372	73.6543
1598.875	88.543	9.682	108.862	3.0125	2.9208	3.3826	0.23466	73.535
1599	88.543	9.682	108.862	3.012	2.92	3.381	0.23466	73.535
1599.125	88.543	9.682	108.862	3.0391	3.002	3.6366	0.23466	73.535
1599.25	86.9453	9.694	111.0155	3.0333	3.001	3.6393	0.238145	76.6127
1599.375	86.9565	9.699	109.583	3.0274	3	3.6419	0.24248	76.8785
1599.5	86.9565	9.699	109.583	3.0215	2.999	3.6445	0.24248	76.8785
1599.625	86.9565	9.699	109.583	3.0156	2.998	3.6471	0.24248	76.8785
1599.75	86.9677	9.6985	109.227	3.0097	2.997	3.6497	0.25291	77.1443
1599.875	86.979	9.692	109.688	3.0039	2.996	3.6524	0.26063	77.41
1600	86.979	9.692	109.688	2.998	2.995	3.655	0.26063	77.41
1600.125	86.979	9.692	109.688	3.3333	3.2095	3.8623	0.26063	77.41
1600.25	93.1575	9.6735	108.764	3.3325	3.229	3.9235	0.263255	78.2245
1600.375	92.417	9.645	107.96	3.3318	3.2485	3.9848	0.26395	78.096
1600.5	92.417	9.645	107.96	3.331	3.268	4.046	0.26395	78.096
1600.625	92.417	9.645	107.96	3.3303	3.2875	4.1073	0.26395	78.096
1600.75	91.6765	9.597	106.3505	3.3295	3.307	4.1685	0.262155	77.9675
1600.875	90.936	9.529	107.378	3.3288	3.3265	4.2297	0.26396	77.839
1601	90.936	9.529	107.378	3.328	3.346	4.291	0.26396	77.839
1601.125	90.936	9.529	107.378	2.7589	2.7164	2.8807	0.26396	77.839
1601.25	95.4753	9.4545	115.985	2.7457	2.7088	2.8795	0.27022	75.3927
1601.375	96.3235	9.383	119.857	2.7326	2.7011	2.8782	0.26085	75.3965
1601.5	96.3235	9.383	119.857	2.7195	2.6935	2.877	0.26085	75.3965
1601.625	96.3235	9.383	119.857	2.7064	2.6859	2.8758	0.26085	75.3965
1601.75	97.1717	9.3165	107.3145	2.6933	2.6783	2.8745	0.235615	75.4003
1601.875	98.02	9.271	91.513	2.6801	2.6706	2.8733	0.22933	75.404
1602	98.02	9.271	91.513	2.667	2.663	2.872	0.22933	75.404
1602.125	98.02	9.271	91.513	2.4379	2.5564	3.5965	0.22933	75.404
1602.25	106.9827	9.2045	99.673	2.4407	2.5568	3.587	0.254615	74.1777
1602.375	107.2625	9.093	127.357	2.4436	2.5571	3.5775	0.3109	74.1095
1602.5	107.2625	9.093	127.357	2.4465	2.5575	3.568	0.3109	74.1095
1602.625	107.2625	9.093	127.357	2.4494	2.5579	3.5585	0.3109	74.1095
1602.75	107.5423	9.019	146.983	2.4523	2.5582	3.549	0.3584	74.0413
1602.875	107.822	8.996	153.104	2.4551	2.5586	3.5395	0.37807	73.973
1603	107.822	8.996	153.104	2.458	2.559	3.53	0.37807	73.973
1603.125	107.822	8.996	153.104	2.8709	3.0266	4.4349	0.37807	73.973
1603.25	116.4948	8.967	154.4395	2.8808	3.0422	4.4838	0.389	75.9175
1603.375	117.1535	8.912	154.964	2.8906	3.0579	4.5326	0.40051	76.024
1603.5	117.1535	8.912	154.964	2.9005	3.0735	4.5815	0.40051	76.024
1603.625	117.1535	8.912	154.964	2.9104	3.0891	4.6304	0.40051	76.024
1603.75	117.8122	8.851	153.6675	2.9202	3.1047	4.6792	0.402945	76.1305
1603.875	118.471	8.806	152.519	2.9301	3.1204	4.7281	0.4026	76.237
1604	118.471	8.806	152.519	2.94	3.136	4.777	0.4026	76.237
1604.125	118.471	8.806	152.519	3.983	3.9071	4.5394	0.4026	76.237
1604.25	100.8252	8.767	157.2585	3.996	3.9212	4.5367	0.411015	81.0245
1604.375	100.0365	8.712	172.145	4.009	3.9354	4.5341	0.42609	81.191
1604.5	100.0365	8.712	172.145	4.022	3.9495	4.5315	0.42609	81.191
1604.625	100.0365	8.712	172.145	4.035	3.9636	4.5289	0.42609	81.191
1604.75	99.2477	8.6485	199.6725	4.048	3.9778	4.5262	0.445565	81.3575
1604.875	98.459	8.576	221.087	4.061	3.9919	4.5236	0.44858	81.524
1605	98.459	8.576	221.087	4.074	4.006	4.521	0.44858	81.524
1605.125	98.459	8.576	221.087	10.441	7.6206	11.8916	0.44858	81.524
1605.25	81.3412	8.4815	200.7455	10.677	7.7422	12.1202	0.41237	79.283
1605.375	80.9365	8.414	152.74	10.913	7.8639	12.3489	0.35562	79.292
1605.5	80.9365	8.414	152.74	11.149	7.9855	12.5775	0.35562	79.292
1605.625	80.9365	8.414	152.74	11.385	8.1071	12.8061	0.35562	79.292
1605.75	80.5318	8.4035	110.085	11.621	8.2288	13.0347	0.30109	79.301
1605.875	80.127	8.453	83.83	11.857	8.3504	13.2634	0.25405	79.31
1606	80.127	8.453	83.83	12.093	8.472	13.492	0.25405	79.31
1606.125	80.127	8.453	83.83	15.3001	8.8372	14.6753	0.25405	79.31
1606.25	75.1683	8.6085	83.4185	15.3383	8.8085	14.5775	0.227115	82.2692
1606.375	75.7165	8.809	100.419	15.3764	8.7797	14.4797	0.21979	82.2055
1606.5	75.7165	8.809	100.419	15.4145	8.751	14.382	0.21979	82.2055
1606.625	75.7165	8.809	100.419	15.4526	8.7222	14.2843	0.21979	82.2055
1606.75	76.2648	8.9475	113.5805	15.4908	8.6935	14.1865	0.231235	82.1418
1606.875	76.813	9.022	118.303	15.5289	8.6648	14.0887	0.2425	82.078
1607	76.813	9.022	118.303	15.567	8.636	13.991	0.2425	82.078
1607.125	76.813	9.022	118.303	11.3822	8.4044	12.6982	0.2425	82.078
1607.25	81.3013	9.1015	122.292	11.4115	8.3478	12.6235	0.245225	81.4507
1607.375	81.2205	9.199	124.616	11.4408	8.2911	12.5487	0.24633	81.3555
1607.5	81.2205	9.199	124.616	11.47	8.2345	12.474	0.24633	81.3555
1607.625	81.2205	9.199	124.616	11.4992	8.1779	12.3993	0.24633	81.3555
1607.75	81.1397	9.299	123.5555	11.5285	8.1213	12.3245	0.255805	81.2603
1607.875	81.059	9.395	119.966	11.5577	8.0646	12.2498	0.26867	81.165
1608	81.059	9.395	119.966	11.587	8.008	12.175	0.26867	81.165
1608.125	81.059	9.395	119.966	12.0551	10.1549	13.1327	0.26867	81.165
1608.25	74.3255	9.472	116.29	12.0343	10.0577	13.1695	0.27216	82.446
1608.375	73.442	9.536	114.927	12.0134	9.9606	13.2063	0.26757	82.504
1608.5	73.442	9.536	114.927	11.9925	9.8635	13.243	0.26757	82.504
1608.625	73.442	9.536	114.927	11.9716	9.7664	13.2797	0.26757	82.504
1608.75	72.5585	9.586	112.0825	11.9508	9.6693	13.3165	0.27351	82.562
1608.875	71.675	9.646	108.891	11.9299	9.5721	13.3533	0.28192	82.62
1609	71.675	9.646	108.891	11.909	9.475	13.39	0.28192	82.62
1609.125	71.675	9.646	108.891	14.3441	11.8594	15.9257	0.28192	82.62
1609.25	74.842	9.73	110.3	14.2493	11.8148	15.9225	0.281725	83.0387
1609.375	75.025	9.775	111.445	14.1544	11.7701	15.9192	0.27809	83.0165
1609.5	75.025	9.775	111.445	14.0595	11.7255	15.916	0.27809	83.0165
1609.625	75.025	9.775	111.445	13.9646	11.6809	15.9128	0.27809	83.0165
1609.75	75.208	9.7945	110.3035	13.8698	11.6362	15.9095	0.274795	82.9942
1609.875	75.391	9.826	110.958	13.7749	11.5916	15.9063	0.27556	82.972
1610	75.391	9.826	110.958	13.68	11.547	15.903	0.27556	82.972
1610.125	75.391	9.826	110.958	14.4099	11.8666	11.2072	0.27556	82.972
1610.25	78.2623	9.8545	111.9575	14.4827	11.8632	11.2305	0.27395	83.1517
1610.375	78.5365	9.831	111.629	14.5556	11.8599	11.2537	0.27155	83.1025
1610.5	78.5365	9.831	111.629	14.6285	11.8565	11.277	0.27155	83.1025
1610.625	78.5365	9.831	111.629	14.7014	11.8531	11.3003	0.27155	83.1025
1610.75	78.8107	9.713	112.058	14.7743	11.8498	11.3235	0.266205	83.0532
1610.875	79.085	9.614	113.313	14.8471	11.8464	11.3468	0.25585	83.004
1611	79.085	9.614	113.313	14.92	11.843	11.37	0.25585	83.004
1611.125	79.085	9.614	113.313	10.7256	10.8127	13.7052	0.25585	83.004
1611.25	78.9557	9.567	112.423	10.6083	10.6975	13.6655	0.240855	86.0385
1611.375	78.7925	9.519	111.548	10.4909	10.5823	13.6257	0.2308	85.985
1611.5	78.7925	9.519	111.548	10.3735	10.467	13.586	0.2308	85.985
1611.625	78.7925	9.519	111.548	10.2561	10.3517	13.5463	0.2308	85.985
1611.75	78.6293	9.4665	113.3545	10.1388	10.2365	13.5065	0.224115	85.9315
1611.875	78.466	9.388	114.881	10.0214	10.1213	13.4668	0.21659	85.878
1612	78.466	9.388	114.881	9.904	10.006	13.427	0.21659	85.878
1612.125	78.466	9.388	114.881	9.8926	20.7815	11.5929	0.21659	85.878
1612.25	82.0355	9.2855	116.411	9.9323	20.948	11.6438	0.20478	89.1653
1612.375	81.283	9.248	118.211	9.9719	21.1145	11.6946	0.19477	89.2765
1612.5	81.283	9.248	118.211	10.0115	21.281	11.7455	0.19477	89.2765
1612.625	81.283	9.248	118.211	10.0511	21.4475	11.7964	0.19477	89.2765
1612.75	80.5305	9.3175	116.8205	10.0907	21.614	11.8472	0.201955	89.3877
1612.875	79.778	9.384	113.286	10.1304	21.7805	11.8981	0.22112	89.499
1613	79.778	9.384	113.286	10.17	21.947	11.949	0.22112	89.499
1613.125	79.778	9.384	113.286	12.8483	8.563	10.0078	0.22112	89.499
1613.25	74.075	9.376	112.4525	12.7095	8.496	9.9845	0.239005	86.908
1613.375	74.258	9.239	112.128	12.5708	8.429	9.9613	0.23337	86.675
1613.5	74.258	9.239	112.128	12.432	8.362	9.938	0.23337	86.675
1613.625	74.258	9.239	112.128	12.2933	8.295	9.9148	0.23337	86.675
1613.75	74.441	8.83	103.0825	12.1545	8.228	9.8915	0.20644	86.442
1613.875	74.624	8.32	86.445	12.0157	8.161	9.8682	0.17201	86.209
1614	74.624	8.32	86.445	11.877	8.094	9.845	0.17201	86.209
1614.125	74.624	8.32	86.445	10.3599	16.7049	11.8354	0.17201	86.209
1614.25	71.2527	8.106	81.797	10.3567	16.6637	11.8468	0.157325	88.4458
1614.375	70.9525	8.277	99.326	10.3536	16.6226	11.8581	0.16332	88.2705
1614.5	70.9525	8.277	99.326	10.3505	16.5815	11.8695	0.16332	88.2705
1614.625	70.9525	8.277	99.326	10.3474	16.5404	11.8809	0.16332	88.2705
1614.75	70.6523	8.5375	122.189	10.3442	16.4993	11.8923	0.19305	88.0952
1614.875	70.352	8.644	124.256	10.3411	16.4581	11.9036	0.22034	87.92
1615	70.352	8.644	124.256	10.338	16.417	11.915	0.22034	87.92
1615.125	70.352	8.644	124.256	11.6945	6.8029	7.1821	0.22034	87.92
1615.25	72.336	8.6205	101.815	11.658	6.7957	7.0992	0.223385	86.3802
1615.375	72.714	8.516	82.822	11.6215	6.7886	7.0164	0.19631	86.4245
1615.5	72.714	8.516	82.822	11.585	6.7815	6.9335	0.19631	86.4245
1615.625	72.714	8.516	82.822	11.5485	6.7744	6.8506	0.19631	86.4245
1615.75	73.092	8.4245	89.32	11.512	6.7673	6.7678	0.180645	86.4688
1615.875	73.47	8.407	110.059	11.4755	6.7601	6.6849	0.19376	86.513
1616	73.47	8.407	110.059	11.439	6.753	6.602	0.19376	86.513
1616.125	73.47	8.407	110.059	8.7454	6.572	4.9627	0.19376	86.513
1616.25	78.9342	8.4635	127.7375	8.7568	6.517	4.9355	0.223185	84.7735
1616.375	79.2155	8.57	138.029	8.7681	6.462	4.9082	0.25469	84.593
1616.5	79.2155	8.57	138.029	8.7795	6.407	4.881	0.25469	84.593
1616.625	79.2155	8.57	138.029	8.7909	6.352	4.8537	0.25469	84.593
1616.75	79.4967	8.716	140.965	8.8022	6.297	4.8265	0.27457	84.4125
1616.875	79.778	8.882	132.319	8.8136	6.242	4.7992	0.27856	84.232
1617	79.778	8.882	132.319	8.825	6.187	4.772	0.27856	84.232
1617.125	79.778	8.882	132.319	6.706	4.9771	4.1196	0.27856	84.232
1617.25	84.7262	8.9775	107.402	6.658	4.9672	4.1143	0.274875	79.4593
1617.375	84.9405	8.999	83.894	6.61	4.9574	4.1089	0.28185	79.4655
1617.5	84.9405	8.999	83.894	6.562	4.9475	4.1035	0.28185	79.4655
1617.625	84.9405	8.999	83.894	6.514	4.9376	4.0981	0.28185	79.4655
1617.75	85.1548	9.016	76.8965	6.466	4.9278	4.0927	0.304285	79.4717
1617.875	85.369	9.105	81.859	6.418	4.9179	4.0874	0.32996	79.478
1618	85.369	9.105	81.859	6.37	4.908	4.082	0.32996	79.478
1618.125	85.369	9.105	81.859	5.819	4.7365	3.9974	0.32996	79.478
1618.25	84.5758	9.2495	92.573	5.4647	4.465	4.0187	0.34225	81.5615
1618.375	84.6985	9.347	100.461	5.5056	4.49	4.0356	0.34617	81.563
1618.5	84.6985	9.347	100.461	5.5465	4.515	4.0525	0.34617	81.563
1618.625	84.6985	9.347	100.461	5.5874	4.54	4.0694	0.34617	81.563
1618.75	84.8213	9.345	105.6015	5.6283	4.565	4.0862	0.34487	81.5645
1618.875	84.944	9.302	109.738	5.6691	4.59	4.1031	0.3412	81.566
1619	84.944	9.302	109.738	5.71	4.615	4.12	0.3412	81.566
1619.125	84.944	9.302	109.738	17.8177	13.5739	15.8676	0.3412	81.566
1619.25	66.4285	9.271	109.059	18.3405	13.7828	16.9202	0.337215	84.4385
1619.375	65.281	9.263	107.839	18.8633	13.9916	17.9729	0.33476	84.426
1619.5	65.281	9.263	107.839	19.386	14.2005	19.0255	0.33476	84.426
1619.625	65.281	9.263	107.839	19.9087	14.4094	20.0781	0.33476	84.426
1619.75	64.1335	9.2665	110.7705	20.4315	14.6182	21.1308	0.32449	84.4135
1619.875	62.986	9.236	115.746	20.9543	14.8271	22.1834	0.30462	84.401
1620	62.986	9.236	115.746	21.477	15.036	23.236	0.30462	84.401
1620.125	62.986	9.236	115.746	67.2412	40.253	90.8961	0.30462	84.401
1620.25	56.0915	9.0985	118.3085	66.0205	40.249	90.7192	0.289145	80.221
1620.375	55.683	8.78	115.31	64.7998	40.245	90.5424	0.24797	80.174
1620.5	55.683	8.78	115.31	63.579	40.241	90.3655	0.24797	80.174
1620.625	55.683	8.78	115.31	62.3582	40.237	90.1886	0.24797	80.174
1620.75	55.2745	8.4875	112.6935	61.1375	40.233	90.0117	0.181825	80.127
1620.875	54.866	8.397	115.031	59.9167	40.229	89.8349	0.11591	80.08
1621	54.866	8.397	115.031	58.696	40.225	89.658	0.11591	80.08
1621.125	54.866	8.397	115.031	51.4379	46.1456	61.0546	0.11591	80.08
1621.25	60.6437	8.3655	115.56	51.0887	46.2993	60.9252	0.07225	77.7048
1621.375	60.5525	8.267	113.475	50.7396	46.4529	60.7959	0.05285	77.6325
1621.5	60.5525	8.267	113.475	50.3905	46.6065	60.6665	0.05285	77.6325
1621.625	60.5525	8.267	113.475	50.0414	46.7601	60.5371	0.05285	77.6325
1621.75	60.4613	8.1345	114.824	49.6922	46.9137	60.4077	0.04625	77.5602
1621.875	60.37	8.155	117.07	49.3431	47.0674	60.2784	0.04253	77.488
1622	60.37	8.155	117.07	48.994	47.221	60.149	0.04253	77.488
1622.125	60.37	8.155	117.07	66.2105	57.0376	58.636	0.04253	77.488
1622.25	60.7255	8.268	-999.25	66.851	56.5303	58.579	0.043635	80.014
1622.375	60.688	8.3	-999.25	67.4915	56.0229	58.522	-999.25	80.034
1622.5	60.688	8.3	-999.25	68.132	55.5155	58.465	-999.25	80.034
1622.625	60.688	8.3	-999.25	68.7725	55.0081	58.408	-999.25	80.034
1622.75	60.6505	8.3165	-999.25	69.413	54.5007	58.351	-999.25	80.054
1622.875	60.613	8.359	-999.25	70.0535	53.9934	58.294	-999.25	80.074
1623	60.613	8.359	-999.25	70.694	53.486	58.237	-999.25	80.074
1623.125	60.613	8.359	-999.25	99.6926	54.5133	102.5014	-999.25	80.074
1623.25	56.184	8.3895	-999.25	102.5102	55.7915	102.8838	-999.25	77.0332
1623.375	56.163	8.354	-999.25	105.3279	57.0697	103.2661	-999.25	77.1265
1623.5	56.163	8.354	-999.25	108.1455	58.348	103.6485	-999.25	77.1265
1623.625	56.163	8.354	-999.25	110.9631	59.6263	104.0309	-999.25	77.1265
1623.75	56.142	8.229	-999.25	113.7807	60.9045	104.4133	-999.25	77.2198
1623.875	56.121	8.101	-999.25	116.5984	62.1827	104.7956	-999.25	77.313
1624	56.121	8.101	-999.25	119.416	63.461	105.178	-999.25	77.313
1624.125	56.121	8.101	-999.25	95.9723	103.1851	102.6651	-999.25	77.313
1624.25	60.3475	8.034	-999.25	93.6695	104.5362	103.3962	-999.25	77.3857
1624.375	60.338	8.026	-999.25	91.3668	105.8874	104.1274	-999.25	77.3645
1624.5	60.338	8.026	-999.25	89.064	107.2385	104.8585	-999.25	77.3645
1624.625	60.338	8.026	-999.25	86.7612	108.5896	105.5896	-999.25	77.3645
1624.75	60.3285	8.052	-999.25	84.4585	109.9408	106.3207	-999.25	77.3432
1624.875	60.319	8.059	-999.25	82.1557	111.2919	107.0519	-999.25	77.322
1625	60.319	8.059	-999.25	79.853	112.643	107.783	-999.25	77.322
1625.125	60.319	8.059	-999.25	160.143	512.7758	148.8097	-999.25	77.322
1625.25	56.7598	8.055	-999.25	161.1	619.6125	147.9825	-999.25	77.4265
1625.375	56.8635	8.016	-999.25	162.057	726.4493	147.1552	-999.25	77.401
1625.5	56.8635	8.016	-999.25	163.014	833.286	146.328	-999.25	77.401
1625.625	56.8635	8.016	-999.25	163.971	940.1228	145.5007	-999.25	77.401
1625.75	56.9672	7.946	-999.25	164.928	1046.9596	144.6735	-999.25	77.3755
1625.875	57.071	7.864	-999.25	165.885	1153.7963	143.8463	-999.25	77.35
1626	57.071	7.864	-999.25	166.842	1260.6331	143.019	-999.25	77.35
1626.125	57.071	7.864	-999.25	219.8495	136.6929	121.02	-999.25	77.35
1626.25	68.0645	7.7145	-999.25	219.262	138.9108	120.829	-999.25	74.09
1626.375	68.175	7.275	-999.25	218.6745	141.1286	120.638	-999.25	74.086
1626.5	68.175	7.275	-999.25	218.087	143.3465	120.447	-999.25	74.086
1626.625	68.175	7.275	-999.25	217.4995	145.5644	120.256	-999.25	74.086
1626.75	68.2855	5.5085	-999.25	216.912	147.7823	120.065	-999.25	74.082
1626.875	68.396	3.657	-999.25	216.3245	150.0001	119.874	-999.25	74.078
1627	68.396	3.657	-999.25	215.737	152.218	119.683	-999.25	74.078
1627.125	68.396	3.657	-999.25	114.0061	81.5858	118.598	-999.25	74.078
1627.25	66.5425	4.13	-999.25	114.9353	87.2435	118.597	-999.25	78.6295
1627.375	66.471	5.686	-999.25	115.8644	92.9013	118.596	-999.25	78.519
1627.5	66.471	5.686	-999.25	116.7935	98.559	118.595	-999.25	78.519
1627.625	66.471	5.686	-999.25	117.7226	104.2168	118.594	-999.25	78.519
1627.75	66.3995	6.221	-999.25	118.6517	109.8745	118.593	-999.25	78.4085
1627.875	66.328	5.436	-999.25	119.5809	115.5322	118.592	-999.25	78.298
1628	66.328	5.436	-999.25	120.51	121.19	118.591	-999.25	78.298
1628.125	66.328	5.436	-999.25	159.5235	84.3006	88.6855	-999.25	78.298
1628.25	62.8828	4.3095	-999.25	161.382	84.5313	89.098	-999.25	80.1982
1628.375	62.9725	3.76	-999.25	163.2405	84.7619	89.5105	-999.25	80.1335
1628.5	62.9725	3.76	-999.25	165.099	84.9925	89.923	-999.25	80.1335
1628.625	62.9725	3.76	-999.25	166.9575	85.2231	90.3355	-999.25	80.1335
1628.75	63.0622	3.5585	-999.25	168.816	85.4538	90.748	-999.25	80.0687
1628.875	63.152	3.383	-999.25	170.6745	85.6844	91.1605	-999.25	80.004
1629	63.152	3.383	-999.25	172.533	85.915	91.573	-999.25	80.004
1629.125	63.152	3.383	-999.25	85.1466	58.3193	67.0347	-999.25	80.004
1629.25	47.4465	4.3555	-999.25	85.4572	59.4305	66.3825	-999.25	83.061
1629.375	46.425	-999.25	-999.25	85.7679	60.5417	65.7302	-999.25	82.938
1629.5	46.425	-999.25	-999.25	86.0785	61.653	65.078	-999.25	82.938
1629.625	46.425	-999.25	-999.25	86.3891	62.7643	64.4258	-999.25	82.938
1629.75	45.4035	-999.25	-999.25	86.6998	63.8755	63.7735	-999.25	82.815
1629.875	44.382	-999.25	-999.25	87.0104	64.9867	63.1213	-999.25	82.692
1630	44.382	-999.25	-999.25	-999.25	-999.25	-999.25	-999.25	82.692
1630.125	44.382	-999.25	-999.25	-999.25	-999.25	-999.25	-999.25	82.692
