DEPTH	BHC	CLI	GR	LLD	LLS	MLL	NPHI	PEF	RHOB	SP
1500	115.207	10.966	64.323	0.624	0.644	1.204	0.36338	3.396	2.314	92.665
1500.25	115.8545	10.9185	66.801	0.627	0.6465	1.184	0.36096	3.37	2.3255	92.782
1500.5	116.684	10.907	69.685	0.632	0.654	1.186	0.36103	3.36	2.328	92.782
1500.75	116.6665	10.9085	69.9175	0.637	0.659	1.2075	0.35874	3.3555	2.342	92.933
1501	116.576	10.902	68.62	0.641	0.66	1.22	0.36001	3.372	2.347	93.011
1501.25	116.6185	10.9	67.621	0.644	0.659	1.209	0.369745	3.3825	2.3105	92.8445
1501.5	116.922	10.93	67.695	0.643	0.657	1.197	0.38689	3.393	2.258	92.712
1501.75	117.3605	11.032	67.632	0.6405	0.656	1.197	0.39177	3.4125	2.2355	92.704
1502	117.598	11.151	67.603	0.64	0.658	1.2	0.39047	3.439	2.245	92.711
1502.25	117.256	11.179	69.1015	0.6425	0.662	1.2015	0.393285	3.4615	2.2735	92.718
1502.5	116.461	11.117	70.534	0.646	0.667	1.209	0.38506	3.493	2.308	92.653
1502.75	115.796	11.05	70.205	0.6485	0.6695	1.218	0.37355	3.5265	2.3245	92.5295
1503	115.76	11.013	70.11	0.652	0.671	1.216	0.37412	3.558	2.323	92.528
1503.25	116.0575	10.9845	71.7495	0.657	0.6745	1.214	0.37692	3.4915	2.311	92.7295
1503.5	116.021	10.955	72.232	0.666	0.681	1.215	0.3772	3.423	2.299	93.005
1503.75	115.925	10.9055	72.126	0.6835	0.696	1.2145	0.36979	3.3545	2.2995	93.2175
1504	115.418	10.824	71.614	0.706	0.719	1.227	0.35645	3.489	2.317	93.458
1504.25	113.945	10.7045	69.693	0.7265	0.7365	1.2615	0.341315	3.7195	2.3505	93.804
1504.5	112.41	10.619	67.738	0.741	0.744	1.283	0.33677	3.774	2.368	93.96
1504.75	112.278	10.6545	67.1745	0.7475	0.7435	1.2665	0.347655	3.5565	2.344	93.737
1505	113.396	10.751	67.854	0.746	0.74	1.249	0.35728	3.374	2.308	93.534
1505.25	114.6315	10.8615	68.435	0.73	0.7335	1.244	0.360505	3.41	2.2775	93.657
1505.5	115.783	10.919	69.565	0.699	0.718	1.245	0.36649	3.413	2.266	93.801
1505.75	116.6045	10.8015	70.8335	0.6605	0.6865	1.241	0.36252	3.4385	2.2775	93.84
1506	115.221	10.443	74.177	0.633	0.651	1.201	0.34181	3.475	2.306	94.212
1506.25	109.837	9.9485	81.204	0.629	0.6395	1.1515	0.305	3.533	2.3665	95.052
1506.5	103.417	9.657	85.947	0.64	0.659	1.156	0.27437	3.736	2.423	95.644
1506.75	101.9855	9.7385	83.3845	0.6625	0.6925	1.2345	0.27615	3.898	2.4035	95.295
1507	106.321	10.011	79.56	0.711	0.732	1.265	0.29856	3.92	2.341	94.401
1507.25	111.0635	10.2155	77.742	0.7935	0.785	1.2335	0.33912	3.6765	2.324	93.8025
1507.5	111.913	10.244	73.875	0.863	0.834	1.257	0.3487	3.373	2.358	93.845
1507.75	110.209	10.151	70.0875	0.866	0.8475	1.3105	0.342455	3.2865	2.381	94.3915
1508	109.055	10.001	68.292	0.796	0.794	1.341	0.33504	3.239	2.367	95.023
1508.25	109.088	9.808	67.083	0.686	0.6845	1.308	0.322615	3.1685	2.3545	95.6555
1508.5	109.931	9.573	66.907	0.6	0.591	1.169	0.30675	3.141	2.356	96.533
1508.75	110.9055	9.418	66.7515	0.5545	0.556	1.012	0.30184	3.118	2.3535	97.2505
1509	113.406	9.382	67.436	0.534	0.565	1.001	0.30476	3.131	2.354	97.218
1509.25	117.924	9.3655	67.43	0.5425	0.5995	1.1395	0.29729	3.3335	2.3675	96.7125
1509.5	119.575	9.384	64.501	0.588	0.651	1.214	0.28564	3.512	2.398	96.404
1509.75	116.023	9.4915	61.6055	0.6575	0.705	1.2275	0.28018	3.828	2.434	96.084
1510	113.881	9.632	59.268	0.711	0.732	1.291	0.27955	4.094	2.433	95.538
1510.25	118.9255	9.739	58.8075	0.7325	0.732	1.271	0.293015	3.745	2.402	95.2705
1510.5	124.261	9.826	61.161	0.741	0.73	1.207	0.31475	3.393	2.378	95.357
1510.75	124.634	9.9295	64.052	0.7425	0.737	1.2095	0.32909	3.397	2.3725	95.4735
1511	122.911	9.996	64.508	0.739	0.746	1.253	0.33792	3.439	2.376	95.431
1511.25	120.066	10.01	63.2285	0.732	0.7445	1.293	0.34508	3.414	2.369	95.276
1511.5	116.78	10.047	62.946	0.715	0.73	1.289	0.35064	3.427	2.359	95.278
1511.75	114.148	10.08	64.0745	0.6835	0.7	1.2595	0.349925	3.446	2.368	95.477
1512	113.572	10.073	65.858	0.656	0.669	1.231	0.34816	3.44	2.376	95.683
1512.25	114.674	10.0545	69.032	0.653	0.666	1.175	0.354675	3.489	2.3585	95.824
1512.5	112.969	10.038	72.164	0.671	0.698	1.168	0.35635	3.557	2.349	95.578
1512.75	107.1425	9.9945	69.5385	0.703	0.743	1.296	0.34564	3.6455	2.372	94.8505
1513	103.52	10.025	63.284	0.75	0.782	1.401	0.33926	3.673	2.391	94.295
1513.25	105.7265	10.227	60.423	0.799	0.804	1.373	0.341335	3.666	2.38	94.3625
1513.5	108.526	10.369	61.833	0.818	0.801	1.327	0.33994	3.585	2.367	94.776
1513.75	109.481	10.311	63.163	0.7935	0.7815	1.294	0.3382	3.503	2.3715	95.012
1514	110.702	10.25	63.836	0.754	0.757	1.285	0.34424	3.48	2.374	95.067
1514.25	112.2145	10.277	66.6985	0.723	0.7385	1.283	0.352675	3.47	2.3625	95.2055
1514.5	113.647	10.369	69.454	0.703	0.728	1.271	0.35916	3.443	2.352	95.414
1514.75	114.2975	10.4825	70.168	0.6835	0.721	1.264	0.35757	3.436	2.3535	95.651
1515	114.074	10.467	70.405	0.657	0.706	1.27	0.35047	3.406	2.367	95.88
1515.25	114.513	10.259	76.7945	0.6335	0.68	1.278	0.34824	3.3805	2.3675	96.2425
1515.5	117.246	9.983	91.672	0.638	0.668	1.236	0.34705	3.366	2.342	96.823
1515.75	118.128	9.776	96.8505	0.6925	0.7145	1.153	0.3399	3.3425	2.33	97.312
1516	107.613	9.609	82.446	0.793	0.843	1.202	0.31781	3.344	2.369	97.366
1516.25	88.9825	9.385	61.4365	0.928	1.0235	1.628	0.25735	3.693	2.457	97.1825
1516.5	79.001	9.207	47.291	1.077	1.149	2.228	0.20391	4.374	2.514	97.249
1516.75	85.59	9.168	47.011	1.1985	1.1665	2.0155	0.189085	4.4305	2.485	97.8045
1517	99.392	9.183	54.961	1.231	1.12	1.606	0.21528	3.945	2.443	98.49
1517.25	107.6525	9.197	60.731	1.1605	1.0615	1.452	0.25655	3.582	2.4325	98.7875
1517.5	108.185	9.197	63.021	1.073	1.025	1.45	0.26796	3.345	2.438	98.88
1517.75	106.1765	9.1895	61.6545	1.028	1.017	1.5095	0.26431	3.2655	2.449	99.2225
1518	105.738	9.192	58.891	1.03	1.03	1.551	0.25601	3.261	2.455	99.745
1518.25	105.9545	9.2105	61.0905	1.0645	1.0585	1.544	0.25831	3.3	2.4495	99.986
1518.5	104.723	9.25	68.051	1.097	1.095	1.555	0.27022	3.546	2.447	99.608
1518.75	101.5965	9.313	72.2795	1.106	1.116	1.625	0.27378	3.8765	2.454	98.9155
1519	98.141	9.389	70.412	1.098	1.105	1.67	0.27826	3.926	2.457	98.582
1519.25	97.5125	9.4795	70.0295	1.0815	1.0685	1.618	0.27972	3.747	2.4535	98.5895
1519.5	100.565	9.59	72.614	1.055	1.027	1.545	0.29055	3.606	2.444	98.462
1519.75	105.0565	9.6925	72.91	1.021	1	1.491	0.30853	3.62	2.434	98.0595
1520	108.091	9.751	71.878	0.988	0.987	1.478	0.31704	3.644	2.438	97.755
1520.25	109.1025	9.7895	71.485	0.9635	0.9805	1.4895	0.316985	3.784	2.4475	97.7535
1520.5	109.384	9.825	70.35	0.948	0.971	1.491	0.3202	3.727	2.449	97.681
1520.75	109.607	9.852	69.6065	0.936	0.9555	1.4845	0.32718	3.757	2.4445	97.297
1521	109.885	9.902	71.421	0.929	0.941	1.463	0.32964	3.644	2.437	96.969
1521.25	110.0175	9.942	72.3635	0.9285	0.941	1.4415	0.32609	3.591	2.4285	97.1295
1521.5	109.425	9.897	72.098	0.934	0.955	1.452	0.32219	3.646	2.427	97.589
1521.75	108.311	9.761	74.311	0.941	0.971	1.505	0.313535	3.6405	2.4385	97.975
1522	107.591	9.634	75.413	0.952	0.982	1.534	0.30068	3.63	2.452	98.158
1522.25	107.401	9.587	72.2195	0.9535	0.9825	1.5175	0.2955	3.6075	2.4565	98.1625
1522.5	107.376	9.606	70.609	0.934	0.964	1.52	0.30052	3.577	2.45	97.998
1522.75	108.0735	9.6825	72.4355	0.906	0.9335	1.5025	0.313765	3.55	2.432	97.5935
1523	109.666	9.753	73.171	0.886	0.913	1.452	0.32704	3.54	2.406	96.987
1523.25	110.8475	9.7545	72.388	0.884	0.913	1.429	0.32932	3.52	2.392	96.464
1523.5	110.915	9.718	71.497	0.908	0.94	1.442	0.32186	3.469	2.398	96.33
1523.75	109.706	9.612	70.721	0.973	1.004	1.4905	0.30447	3.4565	2.417	96.7505
1524	107.223	9.448	68.842	1.081	1.102	1.579	0.27834	3.378	2.434	97.687
1524.25	103.9	9.3485	63.284	1.221	1.2325	1.7035	0.24935	3.3485	2.4435	98.489
1524.5	100.724	9.332	55.766	1.372	1.363	1.877	0.22547	3.627	2.452	98.71
1524.75	98.522	9.3525	53.4045	1.485	1.442	2.0005	0.215285	4.0525	2.465	98.816
1525	97.202	9.408	56.906	1.524	1.445	1.984	0.22	4.328	2.487	98.861
1525.25	97.459	9.521	60.3585	1.472	1.3705	1.928	0.235895	4.176	2.493	98.4805
1525.5	100.071	9.669	63.273	1.371	1.271	1.815	0.25911	3.718	2.455	97.948
1525.75	104.1275	9.817	67.1875	1.2615	1.1905	1.66	0.29358	3.464	2.424	97.5255
1526	106.076	9.908	70.6	1.157	1.127	1.586	0.31533	3.541	2.433	97.11
1526.25	104.895	9.9155	69.726	1.066	1.061	1.6145	0.31762	3.586	2.452	96.796
1526.5	104.935	9.958	68.046	1.005	1.009	1.592	0.31756	3.588	2.448	96.647
1526.75	107.7055	10.057	69.4445	0.9745	0.9885	1.51	0.32881	3.6225	2.436	96.457
1527	109.462	10.113	68.451	0.957	0.986	1.506	0.33713	3.631	2.439	96.403
1527.25	108.75	10.114	65.3945	0.9485	0.9875	1.546	0.33173	3.6295	2.4505	96.682
1527.5	107.951	10.106	64.795	0.954	0.991	1.561	0.32455	3.636	2.459	96.99
1527.75	107.8855	10.0985	67.26	0.9745	0.9995	1.552	0.320995	3.6815	2.4585	97.189
1528	107.211	10.076	69.614	0.999	1.014	1.544	0.3201	3.771	2.461	97.388
1528.25	105.9075	10.061	67.5965	1.0185	1.03	1.5655	0.31113	3.7745	2.4725	97.619
1528.5	104.999	10.073	64.916	1.032	1.041	1.597	0.30071	3.783	2.476	97.665
1528.75	104.886	10.058	65.857	1.0445	1.042	1.614	0.304525	3.789	2.459	97.4615
1529	105.775	10.001	67.246	1.062	1.047	1.591	0.3115	3.778	2.429	97.314
1529.25	106.1475	9.9255	66.9765	1.075	1.0655	1.559	0.30485	3.75	2.4175	97.406
1529.5	104.515	9.793	65.858	1.068	1.071	1.628	0.28745	3.708	2.44	97.685
1529.75	103.0565	9.6705	64.9625	1.0495	1.0475	1.6855	0.271195	3.673	2.464	98.106
1530	104.556	9.607	65.629	1.03	1.02	1.607	0.26981	3.599	2.467	98.502
1530.25	107.4175	9.5545	66.877	1.0015	0.993	1.545	0.28375	3.4555	2.461	98.6185
1530.5	108.876	9.528	68.687	0.968	0.971	1.529	0.28717	3.441	2.457	98.618
1530.75	109.0425	9.5155	70.288	0.942	0.9565	1.5265	0.29257	3.41	2.457	98.6835
1531	108.918	9.506	69.576	0.927	0.949	1.526	0.29968	3.378	2.455	98.817
1531.25	108.701	9.5085	69.7715	0.921	0.947	1.5235	0.31126	3.4005	2.449	99.03
1531.5	108.435	9.523	71.642	0.917	0.947	1.521	0.31873	3.421	2.443	99.276
1531.75	108.3735	9.5445	73.491	0.9145	0.948	1.5185	0.320865	3.39	2.4355	99.38
1532	108.44	9.568	73.615	0.916	0.949	1.52	0.32545	3.456	2.428	99.217
1532.25	108.2825	9.5755	72.646	0.9235	0.956	1.523	0.32805	3.41	2.4285	99.012
1532.5	107.915	9.551	74.364	0.941	0.969	1.533	0.32547	3.411	2.434	99.102
1532.75	107.5155	9.5145	76.2355	0.973	0.996	1.546	0.318215	3.4195	2.44	99.237
1533	106.876	9.493	73.62	1.016	1.037	1.574	0.30976	3.433	2.444	99.017
1533.25	105.813	9.456	69.5915	1.067	1.0865	1.6325	0.30329	3.434	2.45	98.713
1533.5	104.636	9.378	68.574	1.126	1.142	1.684	0.29529	3.435	2.455	98.685
1533.75	103.6255	9.296	69.877	1.1845	1.198	1.7285	0.28315	3.431	2.4625	98.985
1534	102.578	9.244	70.254	1.22	1.234	1.783	0.27053	3.419	2.474	99.343
1534.25	101.88	9.224	68.81	1.2135	1.227	1.8285	0.26129	3.425	2.476	99.46
1534.5	102.405	9.218	67.646	1.177	1.18	1.809	0.25683	3.438	2.469	99.516
1534.75	104.127	9.2145	66.1405	1.1305	1.123	1.7075	0.261965	3.452	2.4595	99.7115
1535	105.906	9.215	65.223	1.102	1.091	1.635	0.27333	3.439	2.453	99.918
1535.25	106.728	9.24	65.895	1.126	1.1205	1.6085	0.280375	3.452	2.4505	99.8355
1535.5	105.976	9.286	64.811	1.212	1.234	1.631	0.28357	3.373	2.45	99.312
1535.75	101.3445	9.2995	61.8415	1.332	1.4235	1.813	0.27161	3.4945	2.47	98.593
1536	93.25	9.221	56.474	1.43	1.55	2.323	0.23768	3.773	2.511	98.122
1536.25	89.216	9.095	51.726	1.4995	1.5105	2.613	0.214185	3.8755	2.512	98.4255
1536.5	92.962	9.024	56.083	1.555	1.463	1.999	0.19538	3.531	2.465	99.26
1536.75	96.6985	9.006	64.479	1.53	1.4635	1.761	0.21913	3.2325	2.454	99.747
1537	95.83	9	65.164	1.45	1.445	2.004	0.23113	3.382	2.472	99.536
1537.25	95.906	9.0005	59.551	1.41	1.4225	2.107	0.22031	3.407	2.47	99.225
1537.5	98.83	9.002	57.867	1.418	1.423	1.964	0.22788	3.462	2.462	99.459
1537.75	100.8765	9.003	60.9285	1.425	1.4245	1.9385	0.23535	3.468	2.4595	99.83
1538	101.187	9.005	62.576	1.428	1.431	1.95	0.23542	3.488	2.456	100.003
1538.25	100.895	9.0155	62.0625	1.444	1.4595	1.9545	0.238615	3.4845	2.4565	100.1505
1538.5	100.196	9.029	61.993	1.461	1.493	2.019	0.24148	3.457	2.461	100.168
1538.75	99.1325	9.035	61.9635	1.4725	1.4925	2.1085	0.239015	3.4385	2.463	99.92
1539	98.951	9.042	61.258	1.505	1.468	2.124	0.23761	3.4	2.457	99.669
1539.25	100.205	9.063	61.925	1.6025	1.516	1.956	0.243345	3.4105	2.447	99.657
1539.5	99.686	9.079	62.241	1.737	1.702	1.894	0.24576	3.416	2.464	99.584
1539.75	94.4745	9.06	58.548	1.813	1.918	2.3225	0.23063	3.43	2.5105	99.0845
1540	88.991	9.037	52.651	1.792	1.91	3.039	0.21837	3.574	2.54	98.564
1540.25	90.314	9.045	51.8795	1.699	1.6695	2.793	0.21547	3.5695	2.515	98.4775
1540.5	97.331	9.065	59.427	1.551	1.432	2.053	0.2409	3.416	2.466	98.769
1540.75	103.54	9.0715	67.838	1.3595	1.2755	1.736	0.27203	3.379	2.4415	99.3335
1541	105.748	9.08	70.552	1.197	1.18	1.713	0.28172	3.565	2.446	99.837
1541.25	105.8205	9.1065	68.082	1.119	1.139	1.7425	0.281995	3.6285	2.459	99.999
1541.5	105.837	9.127	65.33	1.102	1.137	1.746	0.28244	3.626	2.462	100.051
1541.75	105.6755	9.131	65.8865	1.118	1.156	1.764	0.283775	3.513	2.4535	100.1345
1542	105.214	9.128	66.665	1.138	1.177	1.796	0.28509	3.459	2.451	100.107
1542.25	104.585	9.111	66.656	1.155	1.196	1.812	0.288805	3.4555	2.4555	100.004
1542.5	104.033	9.089	66.652	1.169	1.212	1.82	0.2922	3.608	2.463	99.917
1542.75	103.671	9.0785	68.532	1.1815	1.217	1.835	0.29138	3.6055	2.468	99.8935
1543	103.641	9.075	71.642	1.197	1.215	1.838	0.28925	3.6	2.467	99.892
1543.25	104.0535	9.07	72.719	1.2235	1.2265	1.8105	0.29029	3.483	2.46	99.7835
1543.5	104.207	9.064	72.767	1.261	1.266	1.798	0.29394	3.492	2.46	99.462
1543.75	103.315	9.058	72.696	1.3075	1.3295	1.86	0.29464	3.497	2.469	99.082
1544	101.675	9.056	72.857	1.371	1.396	1.975	0.28964	3.475	2.479	98.993
1544.25	100.412	9.058	73.975	1.4605	1.4695	2.043	0.283575	3.464	2.4905	98.9545
1544.5	99.449	9.061	74.99	1.548	1.566	2.023	0.28167	3.475	2.499	98.641
1544.75	96.8435	9.0385	76.249	1.5715	1.6395	2.1205	0.27276	3.4525	2.5305	98.4745
1545	93.068	9	78.015	1.513	1.596	2.369	0.25234	3.44	2.567	98.79
1545.25	92.2165	9.009	78.3685	1.424	1.4585	2.325	0.24758	3.5235	2.533	99.1205
1545.5	96.531	9.113	79.889	1.341	1.343	1.984	0.25224	3.297	2.431	98.653
1545.75	102.5	9.2425	83.823	1.2705	1.3015	1.7555	0.27485	2.9645	2.355	97.6645
1546	104.496	9.192	86.772	1.217	1.301	1.792	0.29437	3.053	2.382	97.301
1546.25	102.3795	9.0035	87.9735	1.2275	1.32	1.991	0.27415	3.2945	2.44	97.3155
1546.5	101.053	8.909	89.403	1.355	1.417	2.03	0.26114	3.338	2.447	96.569
1546.75	100.9235	8.904	91.3445	1.652	1.7495	1.984	0.268345	3.355	2.422	94.069
1547	99.214	8.84	94.39	2.173	2.494	2.41	0.27675	3.4	2.358	87.588
1547.25	98.8835	8.6595	92.246	3.0915	3.939	4.8855	0.276775	3.7405	2.215	74.627
1547.5	103.223	8.515	78.219	4.98	6.673	14.855	0.27783	4.316	2.075	59.283
1547.75	108.345	8.4815	60.084	9.304	12.3585	27.224	0.282975	4.7185	2.019	47.076
1548	109.12	8.477	45.924	15.803	21.496	29.398	0.28325	4.812	2.024	38.472
1548.25	105.0325	8.467	35.632	20.264	28.946	36.831	0.273435	4.9515	2.059	32.0615
1548.5	100.538	8.445	29.557	22.183	30.52	49.55	0.258	5.094	2.099	26.299
1548.75	99.9005	8.424	27.683	24.4395	30.9525	51.8905	0.248625	5.0685	2.1065	20.4915
1549	100.341	8.411	26.966	27.731	32.521	47.007	0.24708	5.023	2.096	15.91
1549.25	97.4015	8.395	24.977	31.3315	33.652	49.3	0.241255	5.023	2.1165	14.151
1549.5	94.075	8.376	22.469	34.246	34.135	58.569	0.22797	5.201	2.149	14.076
1549.75	93.36	8.356	21.5595	35.6455	35.162	65.7305	0.22568	5.308	2.1545	14.329
1550	92.574	8.343	20.703	37.296	36.944	65.821	0.22344	5.295	2.165	14.594
1550.25	90.666	8.3435	20.199	41.0115	39.5015	63.2415	0.214565	5.302	2.1815	14.7155
1550.5	89.774	8.34	21.525	45.419	42.322	65.61	0.21306	5.315	2.181	14.378
1550.75	94.098	8.331	23.3635	48.8735	43.8455	77.33	0.212875	5.273	2.1855	13.79
1551	101.799	8.336	25.048	52.181	44.109	80.522	0.21022	5.286	2.193	13.267
1551.25	104.197	8.3595	25.3925	56.716	44.8315	69.378	0.21674	5.2565	2.176	12.634
1551.5	99.627	8.378	24.842	61.804	46.902	65.633	0.22558	5.155	2.158	11.789
1551.75	96.0785	8.387	25.841	66.6605	50.298	75.599	0.223265	5.1695	2.154	10.6055
1552	97.394	8.399	27.598	72.825	54.904	98.554	0.22053	5.166	2.137	9.18
1552.25	100.397	8.409	29.353	82.9205	61.1405	127.6705	0.22864	5.1545	2.1055	7.8655
1552.5	103.602	8.41	31.938	96.272	67.721	149.347	0.23771	5.05	2.09	6.714
1552.75	105.922	8.41	34.3465	108.2225	71.4005	168.313	0.240875	5.0355	2.0955	5.66
1553	107.637	8.412	35.678	114.067	71.423	185.245	0.2411	5.03	2.097	5.04
1553.25	108.3145	8.412	36.195	112.77	69.359	172.384	0.240625	5.034	2.079	5.098
1553.5	107.208	8.411	39.831	109.235	66.468	142.934	0.24418	5.055	2.057	5.284
1553.75	107.4495	8.4095	49.2875	105.8135	63.5975	125.183	0.253355	5.0595	2.05	5.181
1554	109.387	8.408	57.394	104.399	62.2	117.223	0.25881	5.091	2.064	5.115
1554.25	109.9515	8.407	58.926	107.56	63.7	110.3285	0.255365	5.077	2.0825	5.473
1554.5	109.615	8.407	56.905	115.364	68.007	112.497	0.25374	5.088	2.085	6.072
1554.75	110.593	8.407	52.7905	126.718	74.242	131.611	0.260655	4.9905	2.078	6.697
1555	110.56	8.407	47.378	136.827	79.367	168.569	0.26437	4.936	2.082	7.358
1555.25	104.6465	8.407	41.875	141.094	78.606	212.685	0.25654	4.9015	2.093	7.9845
1555.5	95.776	8.407	38.656	140.266	74.472	190.866	0.24333	4.925	2.117	8.53
1555.75	91.9015	8.407	38.7135	135.517	71.15	150.737	0.234155	5.201	2.1575	8.998
1556	93.249	8.406	38.558	127.538	68.291	141.925	0.23713	5.464	2.155	9.222
1556.25	95.9575	8.4055	36.4335	118.027	65.975	142.423	0.24855	5.3675	2.101	9.1425
1556.5	97.064	8.405	34.42	110.397	64.695	129.433	0.25543	5.226	2.065	8.947
1556.75	94.125	8.405	33.0685	106.1295	63.7295	115.8425	0.251085	5.1715	2.0795	8.601
1557	90.115	8.405	30.874	105.127	62.664	111.088	0.23854	5.152	2.132	7.985
1557.25	88.7595	8.405	29.3855	108.688	63.051	109.698	0.228265	5.35	2.1775	6.921
1557.5	89.538	8.405	28.771	116.234	66.15	119.954	0.22731	5.643	2.177	5.54
1557.75	89.9665	8.404	28.0165	126.703	71.359	149.9815	0.23016	5.6875	2.1515	4.2085
1558	88.035	8.404	28.052	140.366	76.903	184.961	0.23203	5.627	2.12	3.129
1558.25	85.7785	8.404	29.205	157.8985	81.7655	214.5925	0.232325	5.558	2.092	2.35
1558.5	86.084	8.405	29.271	177.082	85.271	239.253	0.22985	5.433	2.084	1.7
1558.75	88.4765	8.406	28.5355	193.827	87.822	266.3085	0.22828	5.3185	2.085	1.2365
1559	89.466	8.406	29.692	202.213	90.661	303.73	0.22981	5.324	2.088	1.19
1559.25	88.446	8.406	30.488	204.858	93.226	352.23	0.23062	5.3315	2.109	1.4735
1559.5	87.824	8.406	30.795	212.31	94.82	345.396	0.22954	5.346	2.137	1.894
1559.75	88.0365	8.4085	32.0095	221.899	95.879	325.6805	0.226855	5.3665	2.1455	2.367
1560	88.736	8.409	33.465	228.009	96.243	346.436	0.22156	5.4	2.142	2.713
1560.25	86.959	8.408	37.427	231.0185	96.8065	313.9465	0.2063	5.5825	2.1705	3.055
1560.5	79.723	8.407	42.806	228.077	97.664	273.876	0.17693	5.78	2.258	3.622
1560.75	71.003	8.411	42.9785	214.8875	94.4745	319.5185	0.14581	6.0385	2.367	4.212
1561	66.894	8.422	37.733	202.087	88.642	451.086	0.12295	6.17	2.414	4.596
1561.25	67.798	8.4385	34.1175	188.364	88.6895	371.2105	0.113955	5.8805	2.364	4.951
1561.5	70.824	8.442	35.294	162.643	88.076	238.666	0.12009	5.436	2.285	5.518
1561.75	74.648	8.4325	38.789	131.05	77.7805	185.8455	0.15117	5.359	2.243	6.284
1562	78.386	8.423	39.973	107.238	66.599	141.543	0.18561	5.635	2.235	7.102
1562.25	80.932	8.414	38.82	94.523	59.156	108.831	0.18204	5.7285	2.2285	7.999
1562.5	81.571	8.408	37.77	89.156	56.251	94.764	0.18724	5.68	2.222	8.886
1562.75	79.3525	8.403	35.8835	89.3345	58.1365	97.686	0.180305	5.721	2.255	9.52
1563	74.8	8.399	33.619	92.86	62.325	121.06	0.15348	5.739	2.318	9.773
1563.25	70.4865	8.4	32.7215	98.6415	65.5005	170.671	0.13614	5.9825	2.347	9.5965
1563.5	69.662	8.406	34.355	105.56	66.302	181.898	0.14289	5.724	2.311	9.162
1563.75	73.473	8.413	34.3325	111.915	66.2795	135.994	0.16537	5.2085	2.2425	8.5545
1564	78.584	8.416	30.709	112.596	65.993	110.726	0.20191	5.09	2.184	7.831
1564.25	82.205	8.416	27.5675	105.728	64.278	103.5985	0.218705	5.1005	2.1465	7.0715
1564.5	84.466	8.415	24.782	96.344	61.155	98.447	0.22693	5.131	2.133	6.49
1564.75	85.2285	8.416	22.19	85.661	56.2815	91.973	0.227955	5.2	2.154	6.2085
1565	84.694	8.417	21.86	73.353	50.066	79.486	0.21519	5.272	2.191	5.939
1565.25	83.576	8.417	23.0315	59.874	43.333	64.792	0.200475	5.315	2.2195	5.6635
1565.5	81.77	8.415	23.661	47.242	36.48	56.327	0.18699	5.346	2.242	5.606
1565.75	78.905	8.412	23.8375	37.192	30.185	51.892	0.173715	5.358	2.2725	5.8375
1566	75.119	8.416	25.137	29.912	25.091	48.305	0.1595	5.359	2.306	6.307
1566.25	72.041	8.419	26.8235	25.1385	21.4545	45.0175	0.148295	5.3465	2.3305	6.774
1566.5	72.961	8.416	27.754	21.931	19.094	39.481	0.13912	5.36	2.34	7.032
1566.75	77.119	8.4115	28.1145	20.2355	17.9195	34.671	0.147625	5.374	2.3305	7.159
1567	80.612	8.411	27.368	19.817	17.724	32.449	0.15781	5.371	2.319	7.189
1567.25	83.122	8.41	28.3735	20.492	18.6405	31.5255	0.161595	5.3615	2.3115	6.999
1567.5	84.277	8.409	31.531	21.734	20.244	33.402	0.16422	5.374	2.306	6.578
1567.75	83.2715	8.408	33.42	23.5035	21.876	37.561	0.165955	5.414	2.3	6.0435
1568	81.839	8.411	33.449	25.807	23.571	38.205	0.16869	5.492	2.285	5.654
1568.25	80.7515	8.416	29.926	27.779	25.2915	38.8365	0.16923	5.549	2.271	5.4675
1568.5	79.243	8.419	26.621	28.942	26.349	42.048	0.16308	5.693	2.275	5.383
1568.75	77.644	8.42	29.5795	29.9535	27.013	41.787	0.156505	5.861	2.2945	5.4095
1569	75.393	8.424	36.882	31.003	28.05	41.909	0.14507	5.828	2.325	5.624
1569.25	70.603	8.4355	44.279	31.3895	29.308	49.716	0.12056	5.8025	2.3825	5.9355
1569.5	65.208	8.458	46.881	30.963	29.955	63.433	0.10038	5.785	2.439	5.95
1569.75	62.691	8.4875	44.5645	29.724	29.2285	66.3315	0.09273	5.807	2.4385	5.684
1570	62.821	8.516	43.633	27.402	27.187	56.248	0.09442	5.7	2.392	5.554
1570.25	63.82	8.5185	45.176	23.9945	23.8025	49.635	0.10232	5.728	2.3675	5.3605
1570.5	65.3	8.502	44.308	20.403	20.033	41.667	0.10744	5.819	2.372	4.972
1570.75	68.966	8.4905	42.384	17.5295	17.132	31.684	0.116215	5.811	2.3525	4.8185
1571	77.26	8.489	42.958	15.263	15.152	25.817	0.1292	5.349	2.314	5.077
1571.25	85.8625	8.495	44.5185	13.4505	13.7655	22.919	0.14959	5.007	2.2925	5.6845
1571.5	87.085	8.501	47.58	12.06	12.831	20.034	0.16281	4.843	2.283	6.354
1571.75	82.3555	8.5065	50.153	10.9425	12.1475	17.9695	0.176675	4.884	2.2855	6.9205
1572	78.725	8.508	50.125	9.845	11.319	18.397	0.18215	5.225	2.292	7.398
1572.25	75.5845	8.503	51.491	8.708	10.3395	20.884	0.17542	5.3345	2.285	7.7855
1572.5	71.152	8.5	52.674	7.639	9.283	24.197	0.17175	5.374	2.272	8.084
1572.75	67.9735	8.499	52.4605	6.702	8.159	26.9015	0.17016	5.4515	2.2535	8.282
1573	68.047	8.505	53.833	5.935	7.142	24.232	0.17786	5.482	2.217	8.37
1573.25	71.7805	8.517	53.6895	5.3685	6.378	19.31	0.19368	5.507	2.191	8.387
1573.5	75.669	8.51	51.537	4.979	5.861	16.392	0.20143	5.542	2.193	8.451
1573.75	77.7535	8.4915	50.3505	4.7875	5.6045	14.934	0.20027	5.625	2.203	8.388
1574	77.746	8.482	50.769	4.777	5.577	14.178	0.19705	5.833	2.206	8.108
1574.25	76.342	8.474	52.06	4.932	5.7545	14.16	0.19259	5.9555	2.2165	7.752
1574.5	75.921	8.459	50.976	5.227	6.087	14.923	0.18503	5.935	2.241	7.35
1574.75	75.8725	8.437	48.1435	5.698	6.5875	16.507	0.179	5.9035	2.2615	6.9635
1575	75.037	8.424	48.865	6.343	7.307	18.802	0.17308	5.722	2.275	6.762
1575.25	73.178	8.423	52.6845	7.109	8.3405	22.0215	0.16364	5.6145	2.3035	6.7555
1575.5	69.797	8.424	53.359	7.896	9.493	26.989	0.1498	5.569	2.343	6.724
1575.75	66.829	8.4265	50.7625	8.5985	10.2845	30.736	0.134655	5.5055	2.357	6.7275
1576	66.942	8.428	50.954	9.166	10.631	27.612	0.12863	5.443	2.337	6.903
1576.25	69.5125	8.4275	53.974	9.556	10.9015	23.7625	0.13542	5.4025	2.3165	7.0635
1576.5	71.788	8.426	54.42	9.86	11.373	23.771	0.13493	5.354	2.324	6.975
1576.75	72.3675	8.4275	51.7255	10.332	12.1855	27.5635	0.12953	5.524	2.347	6.7935
1577	71.224	8.43	46.352	11.163	13.389	33.383	0.12113	5.722	2.361	6.88
1577.25	69.235	8.4395	37.3595	12.3615	14.966	41.0115	0.113885	5.7685	2.376	7.153
1577.5	67.736	8.456	30.225	13.696	16.749	50.965	0.10478	5.821	2.411	7.544
1577.75	66.888	8.4685	28.238	14.8815	18.552	62.1315	0.094825	5.997	2.4485	8.194
1578	66.237	8.471	27.985	15.605	20.006	73.005	0.08856	6.252	2.464	8.938
1578.25	65.9615	8.471	27.1185	15.4475	20.3795	76.389	0.086995	6.4115	2.4665	9.691
1578.5	65.907	8.471	26.251	14.22	19.134	67.339	0.08904	6.235	2.463	10.489
1578.75	66.7695	8.47	26.892	12.237	16.3855	54.497	0.09392	5.883	2.444	11.327
1579	69.033	8.471	27.957	10.258	13.303	41.784	0.10391	5.701	2.411	12.292
1579.25	71.9155	8.472	27.473	8.6865	10.8405	30.3865	0.120455	5.5835	2.3755	13.709
1579.5	74.777	8.471	26.698	7.713	9.322	23.059	0.13665	5.491	2.347	15.589
1579.75	77.0465	8.4735	27.358	7.3235	8.8115	20.5785	0.144005	5.477	2.336	17.8645
1580	77.903	8.49	28.535	7.372	9.044	21.634	0.14495	5.499	2.343	20.661
1580.25	77.289	8.533	30.8625	7.9065	9.9065	24.399	0.14401	5.4965	2.357	24.23
1580.5	75.711	8.607	34.644	8.964	11.224	26.569	0.13564	5.458	2.382	28.576
1580.75	73.085	8.729	36.681	10.5515	12.887	28.5665	0.12064	5.4595	2.4215	33.7205
1581	70.577	8.862	36.991	12.423	14.644	28.851	0.10581	5.47	2.451	39.592
1581.25	69.3215	8.933	37.048	14.4135	16.223	27.5485	0.095795	5.452	2.46	45.6495
1581.5	69.039	8.949	36.653	16.343	17.366	27.58	0.08962	5.436	2.467	51.134
1581.75	69.1855	8.953	36.8735	18.176	18.1715	25.897	0.087235	5.3235	2.48	56.0105
1582	68.997	8.959	37.072	19.992	19.091	24.406	0.08489	5.186	2.482	60.091
1582.25	67.7885	8.965	36.272	21.8865	20.527	25.718	0.08132	5.17	2.479	63.158
1582.5	65.755	8.97	35.83	23.939	22.769	27.635	0.07504	5.532	2.493	66.051
1582.75	63.8615	8.972	36.138	26.122	25.463	30.844	0.06754	5.6545	2.519	68.99
1583	62.918	8.972	37.001	28.263	27.524	35.681	0.06156	5.585	2.537	71.238
1583.25	63.035	8.9715	37.949	29.7245	28.382	38.1775	0.057775	5.595	2.542	72.2495
1583.5	63.915	8.971	37.598	29.664	28.071	36.78	0.0566	5.589	2.539	72.344
1583.75	65.5375	8.9725	36.7215	28.158	26.554	33.371	0.05909	5.5745	2.5345	71.9585
1584	67.193	8.973	39.116	26.156	24.7	28.833	0.06259	5.568	2.535	71.328
1584.25	68.0495	8.971	42.4095	23.7675	22.8895	25.924	0.066415	5.581	2.5385	69.8465
1584.5	68.326	8.966	41.136	21.095	20.709	25.516	0.07141	5.576	2.537	66.919
1584.75	68.863	8.959	39.3185	18.9365	18.6165	23.3135	0.075775	5.5615	2.5205	62.6995
1585	69.728	8.939	39.983	17.7	17.508	19.939	0.08471	5.475	2.493	57.361
1585.25	69.6905	8.861	36.404	17.1785	17.647	21.271	0.09089	5.467	2.4685	49.9795
1585.5	68.354	8.732	29.195	16.964	18.509	30.23	0.08906	5.478	2.459	41.926
1585.75	66.939	8.6485	25.9465	17.068	19.425	44.8625	0.088775	5.6195	2.462	35.9225
1586	66.988	8.63	28.965	17.387	19.792	47.95	0.09352	5.69	2.464	32.645
1586.25	68.2715	8.6585	38.3825	17.35	19.2555	40.74	0.09696	5.687	2.464	32.18
1586.5	68.949	8.761	45.772	16.529	17.875	34.506	0.09563	5.663	2.481	34.107
1586.75	68.3745	8.883	46.0025	15.2435	16.0275	27.182	0.08766	5.4945	2.499	37.648
1587	68.298	8.948	43.277	14.062	14.458	20.65	0.07927	5.065	2.485	40.378
1587.25	69.0545	8.9925	38.277	12.954	13.4175	18.0635	0.083135	4.757	2.458	40.621
1587.5	69.322	9.044	35.204	11.764	12.421	18.793	0.08976	4.767	2.448	39.789
1587.75	69.443	9.0805	37.0725	10.7135	11.273	19.8495	0.092955	4.8025	2.4495	39.3135
1588	70.177	9.095	39.519	10.008	10.348	18.133	0.09789	4.838	2.449	38.903
1588.25	71.077	9.093	40.12	9.605	9.962	16.2155	0.104025	4.875	2.441	37.455
1588.5	71.256	9.085	38.69	9.421	10.054	16.416	0.10405	4.842	2.429	35.113
1588.75	70.848	9.0915	39.592	9.5105	10.522	18.145	0.10147	4.83	2.422	33.2215
1589	70.286	9.13	44.354	9.845	11.173	18.972	0.09649	4.868	2.434	32.682
1589.25	69.59	9.1635	44.2655	10.2955	11.6835	20.464	0.089215	4.878	2.454	32.966
1589.5	69.409	9.134	38.799	10.768	11.981	22.833	0.08736	4.839	2.441	33.157
1589.75	70.0345	9.078	34.1775	11.289	12.361	22.584	0.09165	4.853	2.405	33.684
1590	69.83	9.089	32.663	11.949	13.045	21.375	0.09246	4.739	2.408	35.285
1590.25	68.1575	9.1475	34.042	12.9715	14.1935	21.7425	0.08674	4.8265	2.4485	38.1085
1590.5	66.404	9.184	35.565	14.439	15.763	24.414	0.08169	5.232	2.482	40.979
1590.75	64.8345	9.19	37.0915	16.2025	17.532	28.3155	0.078135	5.5115	2.5055	43.203
1591	63.335	9.185	38.434	17.877	18.99	32.264	0.072	5.566	2.524	45.327
1591.25	63.157	9.174	38.1835	19.1695	19.71	32.271	0.06758	5.582	2.5245	47.7385
1591.5	63.842	9.157	37.7	20.253	20.18	26.813	0.06854	5.614	2.508	50.007
1591.75	63.7075	9.137	37.214	21.2535	21.1375	24.902	0.072455	5.465	2.4825	50.5055
1592	62.66	9.106	36.719	21.897	22.506	30.886	0.07447	5.112	2.467	49.095
1592.25	60.439	9.092	37.783	22.0635	23.435	45.7715	0.07071	5.0765	2.465	48.122
1592.5	58.319	9.12	39.567	22.114	23.264	53.697	0.06416	5.151	2.478	49.623
1592.75	59.835	9.152	44.9135	22.081	22.201	40.865	0.06078	5.1875	2.501	53.8755
1593	63.848	9.16	51.861	21.634	21.171	27.873	0.06382	5.222	2.508	58.556
1593.25	67.1685	9.159	51.2405	20.6585	20.4815	23.44	0.07009	5.222	2.4985	60.687
1593.5	68.4	9.163	46.947	19.506	19.856	23.419	0.07378	5.237	2.498	60.44
1593.75	67.801	9.177	47.1225	18.559	19.2825	23.257	0.07686	5.25	2.5035	59.065
1594	67.626	9.181	48.294	17.857	18.995	22.97	0.08389	5.25	2.497	56.092
1594.25	68.709	9.13	45.2515	16.9795	18.798	27.155	0.09482	5.2445	2.464	51.0085
1594.5	70.797	9.046	40.368	15.635	17.916	35.999	0.10428	5.207	2.419	45.989
1594.75	73.1545	9.0035	37.7455	14.1655	16.117	38.3035	0.110125	5.2385	2.388	42.9925
1595	74.42	9.016	38.382	13.057	14.244	31.918	0.11359	5.438	2.381	42.257
1595.25	74.2015	9.0775	40.921	12.4955	13.026	24.936	0.1108	5.805	2.416	44.454
1595.5	73.221	9.151	43.513	12.43	12.769	19.168	0.101	6.051	2.479	49.785
1595.75	71.6975	9.1695	43.1175	12.833	13.5765	16.3835	0.09149	5.708	2.5215	57.36
1596	69.846	9.143	39.603	13.528	14.878	16.897	0.08614	5.17	2.53	64.594
1596.25	68.1235	9.112	35.23	14.2605	15.7645	19.15	0.08158	5.0205	2.5165	69.843
1596.5	67.074	9.091	31.993	14.66	15.702	19.674	0.07511	5.143	2.5	73.509
1596.75	67.051	9.078	30.9455	14.4265	14.756	18.226	0.06849	5.1645	2.4845	76.423
1597	67.839	9.069	31.268	13.871	13.629	16.797	0.06936	5.206	2.471	79.099
1597.25	69.026	9.071	35.6295	13.469	13.1535	14.675	0.07459	5.1995	2.482	81.8445
1597.5	69.82	9.091	42.255	13.3	13.352	13.499	0.0789	5.171	2.514	84.146
1597.75	69.981	9.123	47.8865	13.261	13.713	14.416	0.081635	5.182	2.5335	84.641
1598	70.246	9.157	49.851	13.4	13.903	15.984	0.08588	5.186	2.528	82.991
1598.25	70.7845	9.1885	48.4305	13.803	14.056	15.8315	0.0905	5.1435	2.5095	79.761
1598.5	70.686	9.209	47.468	14.216	14.431	15.712	0.09158	5.104	2.497	76.156
1598.75	69.5755	9.21	46.631	14.389	14.723	18.463	0.088675	5.0845	2.4985	73.0805
1599	68.542	9.203	48.308	14.277	14.638	19.302	0.08419	5.307	2.507	71.251
1599.25	68.2425	9.201	50.757	13.5015	13.694	17.3885	0.08156	5.409	2.5105	70.1995
1599.5	68.407	9.201	48.503	12.058	11.713	18.448	0.08296	5.325	2.504	69.148
1599.75	70.0725	9.1985	48.0435	10.6395	9.921	17.5265	0.091565	5.055	2.4785	69.547
1600	73.309	9.191	56.801	9.567	8.969	11.871	0.1069	4.64	2.445	72.622
1600.25	74.9615	9.176	67.489	8.631	8.6065	9.148	0.11882	4.28	2.438	76.842
1600.5	73.433	9.165	69.38	7.672	8.193	9.117	0.12066	4.161	2.466	79.451
1600.75	71.8355	9.1795	62.1695	6.775	7.2935	10.065	0.11591	4.1205	2.48	79.0905
1601	73.55	9.213	55.626	6.033	6.282	9.058	0.11752	3.892	2.442	76.77
1601.25	78.124	9.2145	52.6605	5.4045	5.5175	7.511	0.134715	3.387	2.386	73.6415
1601.5	82.065	9.151	50.093	4.876	4.97	7.347	0.15011	3.138	2.356	70.367
1601.75	84.055	9.075	49.526	4.5835	4.683	7.644	0.153115	3.2325	2.3405	67.582
1602	85.059	9.047	49.823	4.572	4.701	7.771	0.1541	3.317	2.326	65.876
1602.25	85.041	9.054	51.0525	4.7925	5.0165	7.9155	0.15357	3.372	2.3345	66.3085
1602.5	83.502	9.049	56.182	5.109	5.48	7.864	0.14662	3.444	2.379	69.419
1602.75	80.502	9.0285	64.2975	5.451	5.904	7.723	0.13632	3.518	2.4345	73.35
1603	78.018	9.019	68.756	5.767	6.153	7.654	0.13311	3.579	2.447	74.966
1603.25	77.053	9.0265	67.39	5.905	6.1425	7.764	0.139505	3.6485	2.411	73.3955
1603.5	77.331	9.052	65.415	5.815	5.95	7.921	0.14815	3.67	2.375	70.644
1603.75	78.848	9.07	62.031	5.6055	5.723	7.895	0.150265	3.661	2.3705	68.3485
1604	80.101	9.068	58.173	5.39	5.51	8.049	0.14697	3.664	2.377	65.861
1604.25	79.0965	9.0795	56.8535	5.2195	5.348	8.0385	0.146695	3.6845	2.379	63.529
1604.5	76.769	9.101	56.444	5.098	5.265	7.656	0.14452	3.682	2.393	62.664
1604.75	76.1225	9.1165	54.8515	5.003	5.2075	7.472	0.13738	3.669	2.4135	62.8215
1605	77.061	9.157	51.425	4.946	5.131	7.62	0.13394	3.657	2.413	63.693
1605.25	77.316	9.2325	49.8615	5.001	5.1145	7.5555	0.1392	3.7105	2.4035	66.065
1605.5	76.186	9.28	52.726	5.192	5.286	6.903	0.14617	3.869	2.414	69.772
1605.75	74.915	9.275	58.8995	5.4595	5.6945	6.4795	0.14394	3.9945	2.439	74.371
1606	74.698	9.265	66.07	5.689	6.125	6.867	0.135	4.034	2.463	78.836
1606.25	74.9005	9.279	72.853	5.857	6.287	7.7385	0.12755	4.133	2.4825	82.8805
1606.5	75.828	9.308	79.749	5.965	6.229	7.64	0.12488	4.147	2.496	87.55
1606.75	77.651	9.343	84.508	5.8925	6.026	6.96	0.12734	4.029	2.501	91.899
1607	78.887	9.379	84.995	5.703	5.724	6.734	0.12993	3.998	2.504	94.708
1607.25	79.4505	9.4165	89.133	5.615	5.634	6.254	0.13268	4.003	2.5035	96.959
1607.5	78.93	9.454	95.125	5.601	5.874	6.23	0.13445	3.96	2.506	98.303
1607.75	76.74	9.4945	89.1195	5.579	5.9935	7.7915	0.12509	3.974	2.517	97.6515
1608	76.249	9.541	80.092	5.848	5.891	8.123	0.11845	4.035	2.521	96.302
1608.25	78.268	9.584	88.8385	6.7085	6.3965	6.1735	0.13231	3.993	2.517	94.0395
1608.5	77.12	9.589	101.643	7.916	8.036	6.201	0.14307	4.058	2.53	88.933
1608.75	70.8545	9.559	94.0455	9.4715	10.8365	10.035	0.119165	4.571	2.546	80.5215
1609	65.04	9.533	72.756	12.154	14.516	20.187	0.09	5.11	2.534	70.448
1609.25	64.0505	9.503	54.7445	16.908	19.0135	33.8645	0.08598	5.3305	2.493	60.7885
1609.5	66.033	9.472	47.476	22.056	22.369	36.709	0.09516	5.322	2.439	53.443
1609.75	68.1275	9.4685	48.899	23.8245	22.6805	32.9755	0.11241	5.336	2.39	48.434
1610	69.778	9.482	50.436	22.472	20.96	31.147	0.12468	5.368	2.37	44.882
1610.25	70.605	9.5295	49.3695	21.102	19.252	28.2405	0.123675	5.33	2.3825	43.8595
1610.5	70.288	9.628	51.059	21.06	18.938	21.135	0.11056	5.302	2.424	46.498
1610.75	69.756	9.7065	51.094	21.854	20.3335	18.186	0.0956	5.334	2.479	50.867
1611	68.592	9.729	48.139	22.67	22.525	22.207	0.08246	5.209	2.507	53.286
1611.25	66.4375	9.727	46.814	23.9665	24.56	32.23	0.074415	5.205	2.4895	53.611
1611.5	65.288	9.721	46.684	26.134	26.284	38.53	0.07426	5.24	2.453	53.423
1611.75	65.366	9.706	48.6915	28.665	28.0745	39.701	0.078125	5.292	2.4225	53.2055
1612	64.957	9.672	49.871	30.99	30.279	42.649	0.08461	5.181	2.403	53.129
1612.25	63.1785	9.6425	49.0845	32.9745	32.579	49.9025	0.08045	5.145	2.419	53.2705
1612.5	60.779	9.637	48.221	34.994	34.354	60.694	0.06344	5.243	2.481	54.147
1612.75	59.554	9.631	49.9045	37.5505	35.865	58.717	0.047665	5.0955	2.5505	56.6995
1613	59.73	9.613	54.727	40.138	37.408	49.385	0.04185	4.645	2.581	60.376
1613.25	59.704	9.593	57.5855	41.2585	37.893	46.689	0.040755	4.5855	2.58	63.7665
1613.5	59.316	9.571	58.774	41.012	37.009	45.612	0.0393	5.021	2.575	66.38
1613.75	59.6045	9.5415	60.7215	39.9095	35.819	42.192	0.036265	5.335	2.573	68.355
1614	60.643	9.508	59.553	38.094	34.439	40.802	0.03543	5.212	2.57	69.635
1614.25	61.954	9.472	54.771	36.421	32.6305	40.9165	0.037465	5.2205	2.5625	69.972
1614.5	63.434	9.434	53.48	35.821	31.737	36.662	0.03992	5.277	2.555	69.344
1614.75	64.736	9.393	54.049	35.9585	32.638	32.88	0.046805	5.3145	2.5505	67.339
1615	64.865	9.356	48.674	35.856	34.03	36.106	0.05137	5.371	2.549	63.913
1615.25	64.0255	9.321	38.453	35.541	34.4595	46.6925	0.053995	5.45	2.5425	59.4785
1615.5	63.724	9.285	31.108	35.375	33.861	55.511	0.05868	5.517	2.525	54.914
1615.75	64.0215	9.248	30.2335	35.235	33.122	53.5415	0.06262	5.5725	2.506	50.815
1616	63.702	9.212	31.71	34.741	33.133	47.902	0.06253	5.653	2.501	47.378
1616.25	62.708	9.1675	29.8885	33.383	33.2765	50.8895	0.060725	5.6965	2.508	44.455
1616.5	62.054	9.123	25.981	31.453	32.256	61.813	0.05929	5.622	2.511	41.746
1616.75	62.539	9.098	27.3795	29.422	30.2345	52.7015	0.0613	5.577	2.5055	39.628
1617	63.854	9.082	31.629	27.07	28.133	38.767	0.067	5.591	2.499	37.743
1617.25	64.3885	9.032	31.4715	24.201	26.077	39.532	0.073055	5.7495	2.495	34.887
1617.5	63.805	8.924	28.895	21.428	24.016	47.78	0.07564	5.953	2.488	31.406
1617.75	63.313	8.778	27.9115	19.4115	22.098	49.688	0.080655	5.971	2.476	28.3455
1618	63.819	8.637	27.906	18.039	20.604	43.226	0.08927	5.971	2.453	25.982
1618.25	66.1065	8.537	28.302	17.214	19.8	34.879	0.09575	5.711	2.4195	24.5225
1618.5	68.774	8.489	28.499	16.888	19.541	31.456	0.10513	5.397	2.407	23.944
1618.75	69.584	8.485	26.758	17.1605	19.8075	32.5075	0.10354	5.2495	2.4185	24.447
1619	69.173	8.505	24.781	18.03	20.703	33.645	0.09717	5.327	2.424	26.275
1619.25	68.754	8.552	24.3145	19.491	22.3585	36.251	0.09414	5.399	2.425	29.7725
1619.5	67.963	8.613	23.924	21.207	24.408	45.254	0.09042	5.469	2.431	34.627
1619.75	66.5615	8.657	24.0435	22.5665	25.692	60.3475	0.085615	5.503	2.442	40.7105
1620	65.276	8.71	27.109	23.101	24.956	62.75	0.07775	5.624	2.467	48.09
1620.25	64.5065	8.809	34.1925	22.815	22.733	40.7805	0.068915	5.992	2.5095	57.0185
1620.5	64.339	8.9	41.249	21.976	20.665	26.52	0.0621	6.111	2.545	66.276
1620.75	65.1195	8.949	43.997	20.7305	19.33	21.4985	0.06011	6.0745	2.5655	73.9635
1621	66.15	8.992	46.784	19.41	18.5	19.612	0.05975	5.999	2.575	79.167
1621.25	67.091	9.0395	47.2935	18.487	17.5755	20.1645	0.05885	5.683	2.566	81.186
1621.5	68.347	9.09	45.301	18.362	16.97	19.285	0.06279	5.492	2.55	81.115
1621.75	69.34	9.1415	46.16	19.098	17.6075	17.564	0.07049	5.7305	2.543	80.1435
1622	69.006	9.19	46.001	20.156	19.264	19.156	0.07115	5.831	2.552	78.991
1622.25	67.1445	9.2365	44.144	21.3745	21.2435	25.8395	0.061435	5.831	2.576	78.0995
1622.5	65.042	9.282	42.103	22.957	22.519	34.228	0.04848	5.777	2.602	77.923
1622.75	63.991	9.324	40.377	24.7245	22.7245	30.719	0.040085	5.6925	2.612	79.3305
1623	63.94	9.368	44.002	25.735	22.771	24.004	0.03741	5.598	2.601	82.13
1623.25	63.5255	9.423	48.8865	24.925	22.5605	23.067	0.03556	5.4275	2.574	85.1295
1623.5	62.577	9.48	45.485	23.224	21.422	26.278	0.0319	5.512	2.564	87.107
1623.75	62.653	9.5205	42.4395	22.784	20.5205	25.3445	0.031225	5.5935	2.588	87.9725
1624	63.644	9.555	47.048	24.083	21.493	20.99	0.03461	5.616	2.615	88.245
1624.25	63.597	9.599	48.1365	25.813	24.3855	23.3595	0.035205	5.678	2.624	87.376
1624.5	62.16	9.648	40.258	26.812	26.965	36.95	0.0333	5.69	2.62	85.151
1624.75	61.0575	9.701	35.813	27.8195	27.2575	51.117	0.03206	5.702	2.611	82.7055
1625	61.34	9.754	42.612	29.03	26.41	37.885	0.03476	5.614	2.602	81.378
1625.25	62.069	9.799	46.8225	29.1735	25.733	27.769	0.03876	5.6885	2.5895	80.706
1625.5	62.324	9.84	40.663	28.369	25.148	26.725	0.0436	6.13	2.575	79.335
1625.75	62.72	9.8795	33.532	28.0975	25.0805	28.0405	0.04764	6.4985	2.558	77.163
1626	63.608	9.91	29.352	28.873	25.947	28.322	0.04958	6.468	2.551	75.225
1626.25	64.1815	9.929	28.029	30.108	26.9985	29.4265	0.04955	6.366	2.566	74.3535
1626.5	63.995	9.959	30.962	30.845	27.48	30.81	0.04626	6.165	2.588	74.376
1626.75	63.17	10.005	34.4265	30.4645	27.105	30.963	0.042465	5.9535	2.603	74.5
1627	62.2	10.034	35.006	28.864	25.746	30.649	0.04151	5.972	2.61	74.187
1627.25	62.186	10.037	33.3735	25.6915	23.4455	27.992	0.04293	5.958	2.6105	73.857
1627.5	62.651	10.032	31.263	21.112	19.936	24.654	0.04596	5.95	2.61	73.803
1627.75	63.055	10.0215	32.1255	16.9435	15.843	20.834	0.053955	5.957	2.6045	73.585
1628	64.516	10.009	36.703	14.413	13.175	14.641	0.07158	5.564	2.58	72.78
1628.25	66.5915	10	38.223	13.152	12.259	12.7145	0.08371	5.1445	2.5515	70.6875
1628.5	67.292	9.984	34.038	12.598	12.155	15.809	0.08278	5.147	2.534	67.849
1628.75	66.609	9.95	30.6455	13.173	12.923	19.2025	0.075775	5.34	2.5305	66.478
1629	65.662	9.91	31.125	15.005	14.906	19.807	0.06461	5.706	2.549	67.339
1629.25	64.1125	9.8705	33.665	17.684	17.9955	21.815	0.05021	5.8	2.583	69.9165
1629.5	62.406	9.824	36.548	20.595	21.49	24.172	0.03893	5.639	2.609	73.496
1629.75	61.4205	9.778	39.2685	23.6355	24.207	26.2195	0.031855	5.535	2.622	77.562
1630	60.802	9.729	40.664	25.705	24.987	28.358	0.0285	5.654	2.63	81.445
1630.25	60.4165	9.6775	40.3955	24.688	23.4125	29.1365	0.028005	5.888	2.6265	85.0025
1630.5	60.723	9.637	42.281	20.95	20.129	25.42	0.03037	6.492	2.621	88.584
1630.75	61.8235	9.6055	47.1975	16.684	15.865	20.4145	0.035045	6.989	2.619	92.099
1631	63.471	9.57	50.622	13.599	12.405	15.994	0.04303	6.83	2.608	95.128
1631.25	65.691	9.5335	52.445	12.067	10.846	12.183	0.05301	6.219	2.597	97.3625
1631.5	67.325	9.505	52.408	11.512	10.845	10.472	0.05558	5.51	2.602	98.792
1631.75	66.0835	9.495	49.215	11.4555	11.8805	11.888	0.04557	5.2755	2.6205	99.4315
1632	62.904	9.496	46.291	11.588	12.849	16.759	0.03603	5.248	2.626	99.958
1632.25	61.1785	9.4905	48.048	11.723	12.7405	19.5525	0.034095	5.28	2.6165	100.8855
1632.5	62.354	9.485	54.823	11.629	11.694	16.142	0.04032	5.315	2.605	101.78
1632.75	65.1415	9.4855	64.097	11.374	10.7185	12.2295	0.05071	5.3245	2.5975	102.26
1633	66.985	9.488	71.332	11.279	10.613	10.258	0.05994	5.298	2.602	102.213
1633.25	66.408	9.489	68.507	11.6555	11.51	11.011	0.05822	5.3145	2.6135	101.407
1633.5	64.133	9.486	57.928	12.713	13.22	13.777	0.04632	5.328	2.626	100.179
1633.75	61.7065	9.4835	49.6565	14.5955	15.589	18.17	0.035905	5.41	2.645	99.081
1634	60.201	9.485	47.147	16.57	17.784	22.208	0.0292	5.199	2.658	98.278
1634.25	59.9635	9.4845	48.9365	16.4145	17.654	23.271	0.02609	4.9505	2.6515	97.8445
1634.5	60.724	9.48	52.081	13.833	14.42	22.318	0.02754	5.186	2.639	97.746
1634.75	62.8625	9.48	56.4185	11.0185	10.8035	14.808	0.036005	5.542	2.632	98.061
1635	65.212	9.492	63.808	8.725	8.224	9.325	0.05012	5.629	2.624	98.974
1635.25	66.216	9.5135	66.6655	7.0225	6.5405	8.4115	0.061675	5.4835	2.594	99.8765
1635.5	67.288	9.538	64.275	6.029	5.641	8.189	0.07267	4.923	2.56	100.141
1635.75	69.517	9.562	66.15	5.7895	5.5875	6.9245	0.087495	4.433	2.5615	99.882
1636	70.563	9.584	66.99	6.097	6.225	6.73	0.09022	4.634	2.583	98.819
1636.25	68.8465	9.604	57.3275	6.861	7.558	8.607	0.074	5.4155	2.595	96.2945
1636.5	66.259	9.623	44.922	8.158	9.441	12.457	0.05868	6.03	2.597	92.707
1636.75	64.56	9.642	38.9565	10.264	11.636	15.456	0.054005	5.975	2.59	88.7245
1637	63.758	9.663	37.078	12.675	13.626	16.231	0.05343	5.611	2.578	84.612
1637.25	63.326	9.683	36.1725	14.2695	14.343	17.845	0.054175	5.457	2.5645	80.4325
1637.5	63.703	9.704	35.256	14.791	14.067	17.906	0.05738	5.512	2.553	76.761
1637.75	64.5895	9.7265	34.7235	14.6005	13.904	15.5545	0.05833	5.5885	2.556	74.3345
1638	64.838	9.747	34.642	13.946	13.676	15.757	0.05327	5.611	2.561	73.713
1638.25	64.7275	9.7645	35.537	13.2535	13.048	16.0115	0.048845	5.679	2.5675	75.7915
1638.5	64.916	9.781	37.245	12.802	12.417	14.042	0.04682	5.792	2.584	79.791
1638.75	65.3095	9.7955	38.11	12.4875	12.127	13.0485	0.04471	5.762	2.5955	84.158
1639	65.459	9.809	37.659	12.071	12.19	12.579	0.0416	5.691	2.605	88.006
1639.25	64.9595	9.823	37.071	11.4225	11.786	13.4615	0.041665	5.6205	2.615	91.463
1639.5	64.618	9.839	40.51	10.718	10.696	14.195	0.04644	5.243	2.61	94.937
1639.75	66.065	9.853	48.841	10.015	9.643	11.477	0.05414	4.878	2.597	98.147
1640	68.445	9.863	55.27	9.118	8.763	9.303	0.05944	5.175	2.591	100.578
1640.25	69.929	9.8685	57.898	8.1105	7.9425	8.6775	0.06246	5.81	2.585	102.0305
1640.5	70.767	9.869	60.162	7.18	7.178	8.263	0.06609	5.895	2.584	102.858
1640.75	71.866	9.868	62.556	6.35	6.4505	7.649	0.072455	5.638	2.589	103.358
1641	73.379	9.87	65.135	5.598	5.741	6.999	0.0805	5.422	2.59	103.608
1641.25	75.136	9.872	68.9535	4.936	5.083	6.366	0.088855	5.3305	2.5865	103.665
1641.5	76.938	9.871	72.887	4.373	4.481	5.855	0.09782	5.299	2.584	103.597
1641.75	78.624	9.8675	75.691	3.9665	4.0325	5.3965	0.107765	5.241	2.5815	103.356
1642	80.095	9.862	77.506	3.726	3.805	4.997	0.11385	5.22	2.579	102.982
1642.25	80.537	9.8455	77.991	3.6935	3.8245	4.8895	0.116285	5.151	2.5865	102.447
1642.5	79.473	9.821	77.052	3.917	4.089	5.121	0.11068	4.767	2.6	101.58
1642.75	77.0455	9.8	73.364	4.549	4.855	5.3695	0.09625	4.398	2.6085	100.2785
1643	72.603	9.786	63.862	5.749	6.431	6.268	0.07332	4.564	2.612	98.408
1643.25	65.9945	9.788	49.936	7.813	9.1885	10.7745	0.04749	5.319	2.6065	95.785
1643.5	60.295	9.781	41.185	11.036	12.959	22.6	0.02987	5.811	2.596	93.09
1643.75	58.6635	9.7485	39.141	15.2375	17.43	26.844	0.025575	5.7595	2.596	90.959
1644	59.84	9.725	37.707	18.508	21.095	24.098	0.02705	5.662	2.606	89.38
1644.25	60.629	9.7205	35.012	19.0435	21.6085	27.0075	0.0282	5.525	2.621	88.4485
1644.5	60.403	9.718	31.435	17.148	18.605	28.771	0.02735	5.355	2.628	88.67
1644.75	60.854	9.7155	31.608	12.84	13.5805	21.1535	0.02791	5.6715	2.6395	90.722
1645	62.922	9.715	36.235	8.422	8.586	13.915	0.03261	5.899	2.644	94.31
1645.25	66.523	9.7185	45.1475	5.741	5.3635	9.291	0.044645	5.3955	2.5635	98.336
1645.5	73.34	9.768	60.732	4.51	3.895	5.919	0.06346	4.651	2.399	101.227
1645.75	83.2495	9.9025	76.7205	4.21	3.7755	4.0025	0.090145	4.2065	2.3065	102.2565
1646	85.948	9.939	76.662	4.323	4.57	4.044	0.10305	4.505	2.382	102.172
1646.25	75.789	9.8015	59.3385	4.7585	5.953	7.626	0.074435	5.195	2.554	101.904
1646.5	65.409	9.71	45.352	5.816	7.665	15.817	0.04345	5.408	2.647	101.822
1646.75	62.641	9.7025	41.931	7.709	9.445	14.9335	0.033175	5.452	2.6335	101.9335
1647	63.195	9.701	42.803	9.103	9.717	12.136	0.03643	5.555	2.605	102.234
1647.25	65.351	9.7005	45.638	8.674	8.477	9.8245	0.0432	5.621	2.5895	102.521
1647.5	69.474	9.702	48.51	7.683	7.457	7.674	0.04795	5.605	2.589	102.53
1647.75	72.37	9.703	48.8075	6.9075	6.998	7.2665	0.050465	5.5465	2.6045	102.238
1648	71.663	9.704	47.091	6.423	6.661	8.173	0.05207	5.477	2.612	102.021
1648.25	70.5565	9.711	45.616	6.3125	6.434	7.9045	0.058125	5.279	2.5735	102.104
1648.5	70.327	9.727	45.13	6.427	6.583	6.683	0.06662	5.138	2.534	102.097
1648.75	69.0395	9.7395	44.21	6.501	6.9185	7.183	0.069305	5.231	2.5535	101.9605
1649	67.534	9.745	43.967	6.63	7.107	8.871	0.05735	5.276	2.594	102.211
1649.25	67.9245	9.7475	46.365	7.142	7.488	8.4505	0.0511	5.3665	2.6105	102.722
1649.5	68.819	9.751	47.636	7.843	8.21	7.858	0.05156	5.367	2.618	102.888
1649.75	67.926	9.7575	45.752	8.201	8.7135	9.086	0.04599	5.3465	2.629	102.745
1650	66.773	9.764	44.509	8.197	8.59	10.447	0.04176	5.229	2.63	102.901
1650.25	67.3375	9.7685	46.126	8.0035	8.1055	9.3985	0.045605	5.2165	2.6125	103.4115
1650.5	68.641	9.772	47.943	7.63	7.623	7.937	0.05216	5.649	2.607	103.837
1650.75	69.324	9.782	48.5605	7.141	7.1405	7.663	0.053765	5.7215	2.622	103.8595
1651	69.528	9.791	50.109	6.782	6.778	7.553	0.05316	5.318	2.632	103.591
1651.25	69.355	9.797	51.7135	6.5755	6.688	7.114	0.053525	5.187	2.632	103.2515
1651.5	68.817	9.803	51.24	6.335	6.591	7.327	0.05194	5.182	2.629	102.785
1651.75	68.338	9.8105	49.702	6.106	6.236	7.787	0.052305	5.1665	2.62	102.216
1652	69.341	9.82	50.914	6.166	6.001	6.968	0.05995	5.245	2.613	101.644
1652.25	71.431	9.8305	54.2075	6.562	6.4875	5.78	0.065325	5.329	2.622	101.017
1652.5	70.332	9.838	51.451	6.829	7.483	6.37	0.05601	5.445	2.637	100.241
1652.75	65.3445	9.843	44.3755	6.7825	7.7325	10.2135	0.04483	5.856	2.6395	99.5605
1653	63.586	9.846	43.852	6.83	7.195	11.175	0.04028	5.963	2.624	99.514
1653.25	67.3355	9.8515	50.7075	6.882	6.792	7.4315	0.051835	5.506	2.6055	100.2525
1653.5	69.584	9.861	57.276	6.58	6.539	6.459	0.06524	5.193	2.602	100.852
1653.75	68.2865	9.8705	58.9185	6.315	6.396	7.158	0.069865	5.194	2.6005	100.365
1654	67.077	9.879	58.291	6.584	6.818	7.179	0.07218	5.495	2.596	98.747
1654.25	65.7795	9.8825	53.359	7.4315	8.08	7.9515	0.068695	5.8265	2.5855	95.155
1654.5	63.698	9.876	40.747	8.641	9.707	12.007	0.06197	5.87	2.563	90.139
1654.75	62.882	9.8695	29.667	10.3935	11.436	16.0755	0.05946	5.918	2.5475	86.754
1655	62.907	9.871	26.651	12.615	13.481	15.093	0.05614	5.967	2.554	86.304
1655.25	61.8865	9.865	28.7315	14.6275	15.5325	14.8875	0.044115	5.9435	2.5835	87.8065
1655.5	60.526	9.84	32.534	15.818	16.68	16.488	0.03471	5.894	2.621	89.986
1655.75	60.1425	9.81	37.3455	16.2195	16.402	17.9235	0.02954	5.91	2.6365	92.211
1656	60.529	9.787	41.638	15.93	15.564	16.812	0.03016	5.933	2.634	94.27
1656.25	61.1365	9.7575	43.4805	14.858	14.6145	15.1685	0.032775	5.934	2.6295	96.3585
1656.5	61.908	9.716	45.379	13.545	13.647	14.025	0.03327	5.901	2.627	98.451
1656.75	62.7465	9.6765	48.8585	12.379	12.867	13.029	0.034765	5.8725	2.6275	100.246
1657	63.1	9.642	50.707	11.278	12.16	12.433	0.03623	5.871	2.636	101.505
1657.25	62.105	9.61	52.142	10.016	10.994	12.659	0.031975	5.8775	2.6545	102.072
1657.5	61.279	9.575	53.625	8.668	9.198	13.162	0.02778	5.943	2.662	102.476
1657.75	63.9995	9.5425	55.307	7.63	7.6	10.1575	0.0312	5.862	2.6375	103.341
1658	69.29	9.521	58.415	6.967	6.713	7.228	0.04744	5.619	2.61	104.043
1658.25	72.9295	9.513	59.7295	6.628	6.509	6.358	0.07572	5.5685	2.6065	103.636
1658.5	73.134	9.512	56.924	6.489	6.746	6.567	0.09018	5.413	2.614	102.167
1658.75	71.2155	9.5115	50.194	6.392	7.0205	7.6615	0.082955	5.2195	2.6115	100.5415
1659	69.361	9.512	48.243	6.121	6.783	8.645	0.0722	5.034	2.593	100.368
1659.25	69.8035	9.519	55.7245	5.5585	5.838	8.1235	0.07002	4.635	2.561	102.0215
1659.5	73.747	9.532	68.677	4.857	4.777	6.273	0.08789	4.086	2.52	103.945
1659.75	79.6415	9.5485	86.2755	4.2265	4.0425	4.826	0.125185	3.5935	2.496	105.393
1660	84.04	9.564	103.447	3.795	3.662	4.285	0.14829	3.345	2.495	106.873
1660.25	85.4575	9.573	112.5265	3.66	3.6355	4.162	0.154175	3.236	2.5045	107.9465
1660.5	84.199	9.576	111.395	3.782	3.916	4.309	0.14272	3.167	2.518	107.857
1660.75	80.45	9.5765	100.391	4.076	4.3755	5.059	0.119135	3.148	2.529	106.6965
1661	76.784	9.578	86.182	4.396	4.76	5.938	0.10375	3.113	2.527	104.91
1661.25	75.9935	9.581	78.436	4.574	4.8395	5.8975	0.10416	3.1125	2.508	102.615
1661.5	77.736	9.589	77.682	4.447	4.548	5.507	0.11722	3.142	2.485	100.525
1661.75	80.675	9.605	84.22	4.0755	4.0785	4.9805	0.135835	3.1425	2.4745	100.2865
1662	83.987	9.629	97.611	3.655	3.672	4.485	0.15209	3.117	2.478	101.947
1662.25	86.922	9.6535	110.302	3.315	3.3805	4.248	0.16919	3.131	2.4855	103.953
1662.5	88.798	9.677	115.707	3.06	3.182	4.125	0.18194	3.174	2.494	105.373
1662.75	89.594	9.7075	114.61	2.8845	3.0415	4.0885	0.18179	3.197	2.5015	106.2
1663	89.994	9.744	113.133	2.802	2.937	4.051	0.18999	3.35	2.503	106.571
1663.25	89.8975	9.776	112.3775	2.88	2.965	3.876	0.189675	3.6685	2.5135	106.4695
1663.5	88.297	9.794	108.437	3.152	3.265	3.759	0.18356	4.012	2.547	105.905
1663.75	84.184	9.8015	101.7135	3.702	4	4.2925	0.171745	4.364	2.585	104.43
1664	77.732	9.819	92.85	4.625	5.295	5.557	0.14683	4.702	2.608	101.991
1664.25	70.772	9.8525	78.701	6.2035	7.323	7.5085	0.12155	5.014	2.625	99.445
1664.5	65.718	9.891	61.362	8.401	9.521	11.162	0.09222	5.472	2.637	97.606
1664.75	64.244	9.934	51.164	10.4555	10.7655	13.3585	0.06733	5.8915	2.6365	96.4645
1665	65.172	9.978	52.313	11.19	10.869	11.276	0.05412	5.964	2.625	94.96
1665.25	65.8295	10.0105	54.509	10.3385	9.858	9.928	0.055295	5.9595	2.6095	92.1025
1665.5	65.57	10.036	48.607	8.708	8.418	9.059	0.05829	5.968	2.589	88.533
1665.75	65.9345	10.06	38.405	6.826	6.862	8.211	0.06628	5.8645	2.5605	85.982
1666	68.205	10.089	34.292	5.149	5.228	7.366	0.07931	5.524	2.54	86.342
1666.25	72.565	10.126	43.2775	4.098	3.923	5.994	0.09259	5.0905	2.5335	90.539
1666.5	79.093	10.168	65.941	3.556	3.275	4.088	0.10862	4.576	2.523	96.239
1666.75	85.3135	10.2065	85.952	3.361	3.2145	3.189	0.134205	4.2285	2.521	99.351
1667	85.968	10.234	80.022	3.355	3.473	3.462	0.16205	4.294	2.535	97.164
1667.25	80.537	10.2605	56.338	3.609	3.9505	4.6085	0.14778	4.559	2.542	91.1105
1667.5	75.232	10.292	40.543	4.174	4.596	5.857	0.13155	4.823	2.536	85.66
1667.75	73.3685	10.318	35.8235	4.867	5.223	6.762	0.119815	5.069	2.531	82.5425
1668	72.926	10.345	33.342	5.118	5.366	7.384	0.11871	5.11	2.542	81.965
1668.25	72.592	10.3815	34.557	4.533	4.567	7.289	0.116485	5.0765	2.5595	85.013
1668.5	74.852	10.426	50.004	3.72	3.526	5.281	0.11865	4.911	2.552	91.104
1668.75	82.143	10.4765	82.8525	3.0885	2.874	3.521	0.13555	4.084	2.5195	98.272
1669	90.262	10.527	111.88	2.633	2.522	2.963	0.17792	3.277	2.497	103.727
1669.25	94.272	10.5665	119.959	2.331	2.333	3.0055	0.199635	3.161	2.4975	106.539
1669.5	95.2	10.589	116.131	2.18	2.266	3.073	0.21263	3.277	2.503	107.86
1669.75	95.3855	10.5945	111.4075	2.152	2.2905	3.0895	0.21858	3.3435	2.5015	108.464
1670	95.198	10.593	110.132	2.152	2.306	3.049	0.22257	3.394	2.501	108.88
1670.25	94.8655	10.586	108.677	2.127	2.237	3.0155	0.226255	3.4535	2.505	109.341
1670.5	94.866	10.574	106.599	2.09	2.135	3.044	0.22415	3.469	2.506	109.806
1670.75	95.178	10.5595	105.9395	2.055	2.0585	3.03	0.21988	3.5265	2.501	109.8735
1671	95.267	10.541	104.097	2.042	2.021	3.012	0.22001	3.6	2.498	109.725
1671.25	95.615	10.5165	103.2485	2.101	2.073	3.0135	0.22583	3.604	2.4885	109.591
1671.5	96.939	10.486	103.671	2.247	2.292	2.896	0.23589	3.547	2.465	109.056
1671.75	96.572	10.442	99.7475	2.4365	2.663	2.9325	0.22863	3.4845	2.4625	108.4315
1672	91.957	10.384	92.035	2.653	2.967	3.35	0.19257	3.498	2.505	108.191
1672.25	85.335	10.3175	87.669	2.9595	3.1575	3.693	0.162105	3.6655	2.553	107.8865
1672.5	80.828	10.249	86.889	3.4	3.48	3.583	0.14663	3.808	2.579	107.126
1672.75	77.1085	10.1875	81.1445	3.86	4.073	3.988	0.123705	3.974	2.604	105.642
1673	71.907	10.138	69.696	4.177	4.635	5.84	0.09606	4.241	2.619	103.866
1673.25	69.005	10.1055	64.242	4.531	4.864	7.3085	0.08819	4.4155	2.6055	102.867
1673.5	71.089	10.082	67.437	5.112	5.104	5.603	0.09897	4.455	2.587	102.655
1673.75	73.5275	10.058	67.434	5.6875	5.6115	4.977	0.109335	4.5275	2.597	101.6175
1674	71.768	10.029	56.679	6.001	6.184	6.051	0.10376	4.933	2.63	98.819
1674.25	68.897	10.0015	43.318	6.4345	6.8535	7.455	0.089905	5.2275	2.638	95.3255
1674.5	67.955	9.978	37.794	7.345	7.88	8.019	0.08449	5.25	2.612	92.727
1674.75	67.374	9.9615	37.8865	8.4575	8.9535	9.088	0.074045	5.353	2.595	92.0435
1675	66.339	9.952	40.497	9.103	9.347	10.214	0.0649	5.628	2.598	93.303
1675.25	66.614	9.95	46.0595	8.9955	8.8865	9.5805	0.059385	5.7175	2.601	95.807
1675.5	68.441	9.95	51.51	8.251	8.027	8.042	0.06256	5.727	2.595	98.163
1675.75	70.298	9.951	54.1085	7.0975	6.914	7.106	0.072225	5.7195	2.591	99.279
1676	72.111	9.951	53.48	6.131	5.835	6.464	0.08478	5.711	2.583	98.625
1676.25	74.7075	9.9505	49.2385	5.7225	5.3	5.449	0.09885	5.6645	2.572	95.957
1676.5	76.167	9.95	43.219	5.759	5.483	4.83	0.10738	5.596	2.578	93.19
1676.75	73.043	9.9505	37.9925	5.973	6.284	5.5685	0.09522	5.4655	2.6025	92.545
1677	67.099	9.954	35.854	6.199	6.97	8.59	0.07036	5.359	2.626	94.266
1677.25	64.761	9.9595	40.9905	6.5185	6.9315	10.703	0.05593	5.256	2.6345	98.1515
1677.5	67.906	9.965	52.842	6.857	6.634	7.516	0.05407	4.78	2.629	102.606
1677.75	72.0025	9.9745	61.573	6.9695	6.493	5.9235	0.06949	4.484	2.6315	105.363
1678	73.077	9.987	62.824	6.975	6.7	5.883	0.09418	4.594	2.647	105.926
1678.25	71.2755	9.9975	57.125	7.1315	7.369	6.665	0.094905	4.762	2.657	105.142
1678.5	68.575	10.006	47.517	7.276	8.03	8.271	0.07964	4.877	2.649	104.436
1678.75	67.0325	10.0185	44.35	6.9405	7.568	10.089	0.065175	4.8645	2.6255	104.7165
1679	69.264	10.042	54.732	6.15	6.164	8.801	0.06323	4.631	2.584	105.742
1679.25	76.102	10.081	80.726	5.2155	4.9455	5.827	0.077875	4.02	2.532	107.032
1679.5	83.432	10.129	104.299	4.383	4.135	4.503	0.11371	3.382	2.496	108.151
1679.75	87.5115	10.182	111.8075	3.7775	3.6455	4.2275	0.159525	3.228	2.487	109.034
1680	89.141	10.235	115.023	3.446	3.419	4.055	0.19175	3.306	2.492	109.946
1680.25	89.428	10.288	117.9445	3.3815	3.443	3.9305	0.207755	3.276	2.502	110.757
1680.5	88.087	10.345	114.185	3.449	3.618	4.066	0.2131	3.146	2.501	111.108
1680.75	85.3915	10.4065	106.9985	3.5275	3.809	4.465	0.202875	3.021	2.4955	110.9515
1681	83.528	10.471	103.215	3.507	3.798	4.912	0.19184	3.329	2.494	110.646
1681.25	84.881	10.537	104.274	3.348	3.4885	4.817	0.195095	3.7375	2.491	110.5075
1681.5	88.963	10.599	110.411	3.124	3.11	4.094	0.21685	3.958	2.488	110.751
1681.75	92.8145	10.652	118.3485	2.926	2.854	3.508	0.24414	4	2.492	111.1475
1682	93.494	10.701	119.314	2.807	2.779	3.272	0.25041	4.012	2.506	111.246
1682.25	90.6745	10.757	111.3965	2.803	2.88	3.389	0.234565	4.0495	2.531	110.943
1682.5	87.365	10.821	104.055	2.9	3.072	3.719	0.21731	4.037	2.55	110.484
1682.75	85.9055	10.886	99.6475	3.022	3.2495	3.9045	0.21469	4.0025	2.5555	110.0925
1683	86.051	10.941	97.523	3.027	3.227	4.005	0.22352	4.004	2.548	109.795
1683.25	86.952	10.9845	100.416	2.8855	2.9455	3.966	0.237975	3.9435	2.5195	109.31
1683.5	88.601	11.021	108.203	2.753	2.685	3.46	0.25063	3.832	2.494	108.452
1683.75	90.4165	11.055	115.844	2.727	2.6625	2.9685	0.262065	3.8355	2.4945	108.005
1684	90.077	11.091	117.975	2.796	2.862	2.995	0.26459	3.859	2.514	107.968
1684.25	86.8115	11.1255	113.7895	2.969	3.1885	3.6115	0.24896	3.8675	2.5245	107.28
1684.5	83.406	11.15	106.424	3.254	3.536	4.297	0.22982	4.052	2.518	106.18
1684.75	81.845	11.164	98.11	3.567	3.768	4.5225	0.218615	4.1115	2.51	105.635
1685	81.922	11.172	93.554	3.707	3.772	4.403	0.21324	4.137	2.515	106.074
1685.25	83.363	11.173	96.934	3.5825	3.5885	4.129	0.214215	4.0315	2.5225	107.139
1685.5	85.316	11.167	102.307	3.337	3.348	3.92	0.22045	3.72	2.519	107.991
1685.75	87.1235	11.16	106.9835	3.1025	3.1275	3.732	0.22846	3.417	2.518	108.553
1686	88.587	11.157	111.707	2.919	2.955	3.548	0.23457	3.293	2.518	109.113
1686.25	89.5255	11.156	115.253	2.775	2.8325	3.432	0.236855	3.394	2.5185	109.7565
1686.5	89.934	11.155	116.93	2.655	2.745	3.371	0.24035	3.524	2.519	110.38
1686.75	90.1765	11.149	117.7715	2.5655	2.677	3.355	0.246655	3.526	2.515	110.8915
1687	90.7	11.137	117.953	2.525	2.628	3.33	0.25157	3.525	2.512	111.363
1687.25	91.6275	11.122	119.5215	2.559	2.648	3.231	0.255205	3.503	2.5115	111.6115
1687.5	92.232	11.108	124.395	2.646	2.769	3.176	0.25888	3.426	2.506	111.3
1687.75	90.6845	11.0925	120.886	2.7555	2.934	3.443	0.25811	3.5555	2.507	110.106
1688	87.214	11.073	106.654	2.897	3.063	3.818	0.24503	3.813	2.523	108.523
1688.25	84.6455	11.0495	97.5205	3.094	3.202	3.742	0.23137	3.8285	2.5335	107.481
1688.5	84.312	11.028	99.358	3.267	3.342	3.666	0.23212	3.8	2.531	106.874
1688.75	85.3755	11.0035	104.522	3.351	3.3935	3.7845	0.24168	3.9135	2.529	106.1375
1689	87.095	10.973	108.689	3.436	3.423	3.708	0.2546	4.27	2.535	105.2
1689.25	88.361	10.9395	112.469	3.562	3.5375	3.5785	0.272825	4.816	2.559	104.077
1689.5	87.088	10.909	112.804	3.597	3.639	3.804	0.28086	5.381	2.601	102.958
1689.75	83.9465	10.8845	109.8695	3.4435	3.514	4.1485	0.27531	5.909	2.64	102.6135
1690	82.936	10.865	110.76	3.202	3.213	3.876	0.26964	6.144	2.639	104.004
1690.25	85.6905	10.841	116.7715	2.9265	2.871	3.3855	0.266145	5.44	2.594	106.7755
1690.5	89.023	10.811	121.891	2.64	2.574	3.104	0.26625	4.658	2.554	109.231
1690.75	90.598	10.7885	123.7995	2.404	2.367	2.9535	0.26448	4.2375	2.541	110.642
1691	91.16	10.774	124.771	2.251	2.263	2.856	0.25847	3.794	2.539	111.345
1691.25	91.5335	10.7565	125.084	2.1705	2.235	2.8565	0.25332	3.4025	2.5395	111.75
1691.5	91.924	10.733	125.975	2.142	2.232	2.928	0.25041	3.214	2.541	112.194
1691.75	92.364	10.7045	128.1785	2.16	2.2475	2.9325	0.249035	3.149	2.5415	112.7045
1692	92.615	10.679	128.928	2.2	2.284	2.912	0.24743	3.113	2.537	113.024
1692.25	92.304	10.6545	125.842	2.242	2.325	2.9535	0.24814	3.0865	2.535	112.9895
1692.5	91.512	10.621	121.82	2.288	2.37	2.981	0.25011	3.107	2.545	112.764
1692.75	90.3355	10.586	121.0515	2.343	2.4255	2.993	0.24362	3.121	2.56	112.6805
1693	89.272	10.56	121.022	2.393	2.479	3.078	0.23145	3.173	2.563	112.849
1693.25	89.0295	10.537	119.616	2.4295	2.513	3.151	0.226575	3.3165	2.555	112.954
1693.5	89.408	10.512	119.826	2.457	2.53	3.151	0.22685	3.437	2.544	112.943
1693.75	89.5705	10.4895	121.129	2.468	2.534	3.1395	0.226765	3.5345	2.536	113.133
1694	89.349	10.47	121.12	2.457	2.53	3.13	0.22905	3.583	2.537	113.439
1694.25	89.1245	10.4525	121.031	2.429	2.519	3.1215	0.23416	3.6295	2.5455	113.587
1694.5	88.845	10.435	121.528	2.408	2.509	3.118	0.23621	3.63	2.547	113.665
1694.75	88.0645	10.4185	123.398	2.421	2.5405	3.084	0.23269	3.806	2.542	113.893
1695	85.573	10.4	123.493	2.458	2.638	3.073	0.22549	4.044	2.553	114.064
1695.25	79.23	10.3725	116.3315	2.477	2.7415	3.3985	0.204265	4.2825	2.587	113.826
1695.5	72.217	10.342	104.716	2.464	2.737	4.09	0.16932	4.955	2.624	113.282
1695.75	72.324	10.3265	102.4695	2.457	2.649	3.9845	0.15505	5.4165	2.624	112.9425
1696	79.338	10.321	114.144	2.466	2.592	3.297	0.17704	4.813	2.586	113.239
1696.25	85.541	10.318	123.6205	2.464	2.6005	3.0415	0.21219	4.0775	2.56	113.7545
1696.5	86.788	10.315	123.349	2.448	2.659	3.09	0.2307	3.809	2.552	113.887
1696.75	84.221	10.3125	117.0795	2.4275	2.69	3.3865	0.23427	3.8735	2.551	113.519
1697	82.15	10.313	108.176	2.425	2.637	3.703	0.23382	4.007	2.556	112.918
1697.25	84.1475	10.3265	108.934	2.479	2.5985	3.427	0.23744	4.0065	2.549	112.7775
1697.5	87.96	10.358	118.323	2.597	2.681	3.078	0.2435	3.761	2.531	112.882
1697.75	88.987	10.39	121.9985	2.793	2.943	3.1435	0.24021	3.7365	2.529	112.348
1698	85.925	10.41	113.176	3.092	3.392	3.639	0.2221	3.79	2.551	110.811
1698.25	81.1125	10.4255	92.239	3.5575	3.971	4.6385	0.19117	3.9375	2.576	107.784
1698.5	78.295	10.442	72.914	4.209	4.575	5.372	0.15034	3.878	2.559	103.658
1698.75	78.9155	10.456	66.46	4.9605	5.187	5.314	0.131665	3.3805	2.5085	99.9295
1699	80.205	10.472	66.452	5.609	5.744	5.417	0.13699	3.114	2.473	97.215
1699.25	80.127	10.4915	63.942	6.0035	6.1305	6.043	0.142495	3.1125	2.4565	95.0705
1699.5	79.703	10.508	61.615	6.256	6.32	6.547	0.14484	3.101	2.445	93.919
1699.75	80.003	10.5225	64.4105	6.4005	6.35	6.369	0.143635	3.066	2.441	94.0815
1700	80.914	10.54	70.055	6.412	6.261	6.135	0.1403	3.036	2.447	94.839
1700.25	81.8875	10.558	74.4215	6.3705	6.1765	6.014	0.14511	3.018	2.461	96.119
1700.5	82.473	10.58	75.877	6.35	6.297	5.855	0.15665	2.914	2.474	97.774
1700.75	81.6365	10.598	73.39	6.1745	6.4765	6.151	0.155995	2.8055	2.483	99.508
1701	79.455	10.602	69.419	5.731	6.161	7.177	0.1448	2.824	2.495	101.43
1701.25	78.4165	10.601	75.622	5.1775	5.345	7.0645	0.144545	3.1925	2.514	103.7465
1701.5	80.847	10.605	93.135	4.645	4.577	5.474	0.16965	3.583	2.526	106.287
1701.75	86.0155	10.6085	107.5685	4.155	4.049	4.5235	0.200625	3.578	2.518	108.3545
1702	90.432	10.59	113.771	3.752	3.727	4.224	0.213	3.393	2.5	109.655
1702.25	92.477	10.5335	114.9045	3.5205	3.5905	4.185	0.220765	3.3105	2.4845	110.379
1702.5	92.591	10.451	114.111	3.427	3.562	4.26	0.22696	3.333	2.476	110.575
1702.75	91.8105	10.36	114.3435	3.4085	3.571	4.363	0.224575	3.369	2.474	110.6365
1703	91.83	10.282	114.224	3.408	3.56	4.369	0.22363	3.386	2.474	111.197
1703.25	92.2715	10.233	114.333	3.387	3.51	4.293	0.234045	3.39	2.4715	111.853
1703.5	92.579	10.202	118.206	3.326	3.436	4.211	0.24559	3.376	2.467	112.108
1703.75	93.421	10.1755	122.736	3.2335	3.3495	4.148	0.250705	3.3735	2.4635	112.076
1704	94.494	10.149	123.768	3.14	3.265	4.108	0.2559	3.394	2.46	111.85
1704.25	95.3335	10.1215	121.3735	3.073	3.202	4.057	0.26189	3.39	2.455	111.626
1704.5	96.082	10.094	119.175	3.036	3.176	4.005	0.26515	3.444	2.454	111.609
1704.75	96.691	10.067	121.0035	3.0175	3.18	4.026	0.27136	3.4815	2.454	111.6935
1705	96.848	10.036	123.382	2.994	3.183	4.105	0.27911	3.286	2.45	111.558
1705.25	96.4015	10	126.209	2.975	3.1495	4.2265	0.27813	3.043	2.445	111.091
1705.5	96.728	9.959	137.068	3.046	3.128	4.311	0.27459	3.052	2.438	110.315
1705.75	99.8245	9.915	165.7515	3.335	3.3635	4.1175	0.286085	3.555	2.4095	109.045
1706	103.17	9.87	189.426	3.83	4.05	4.378	0.30809	4.168	2.369	108.014
1706.25	101.521	9.819	173.196	4.3845	5.0895	6.6175	0.306765	4.0865	2.366	108.183
1706.5	94.936	9.762	139.236	4.94	5.828	11.6	0.27637	3.66	2.408	109.053
1706.75	88.039	9.703	121.4435	5.468	5.8195	11.54	0.24367	3.584	2.4805	110.1365
1707	84.487	9.651	123.427	5.74	5.477	7.606	0.22762	3.874	2.565	111.246
1707.25	85.8385	9.603	133.4085	5.653	5.339	6.0155	0.231065	4.39	2.607	112.068
1707.5	92.184	9.55	138.148	5.506	5.531	6.246	0.24967	4.427	2.534	112.492
1707.75	97.589	9.4925	132.194	5.6055	5.955	7.5815	0.254635	3.7595	2.399	112.373
1708	94.217	9.432	115.715	6.025	6.493	8.467	0.21201	3.182	2.368	111.628
1708.25	83.5425	9.369	95.6	6.6365	7.006	8.6565	0.14531	2.919	2.461	110.567
1708.5	74.968	9.314	81.488	7.193	7.431	8.634	0.10019	2.835	2.556	109.506
1708.75	72.111	9.259	75.234	7.659	8.0035	8.4885	0.087735	2.806	2.593	107.6465
1709	71.435	9.165	73.028	8.219	8.812	9.168	0.08328	2.767	2.592	104.119
1709.25	71.3325	9.0395	72.183	9.116	9.853	10.4145	0.073375	2.6495	2.573	98.8005
1709.5	71.48	8.924	68.111	10.355	11.08	11.607	0.06376	2.581	2.552	91.916
1709.75	71.926	8.8065	62.43	11.701	12.257	14.0625	0.060405	2.649	2.5295	83.347
1710	73.015	8.704	62.265	13.165	13.48	16.022	0.06489	2.673	2.503	75.239
1710.25	75.8965	8.616	63.748	14.7995	15.504	15.411	0.08132	2.6835	2.4535	68.557
1710.5	79.621	8.516	52.911	16.15	17.904	18.099	0.09641	2.682	2.393	60.617
1710.75	80.3475	8.4555	33.637	16.922	18.975	26.959	0.0881	2.677	2.368	52.009
1711	77.364	8.47	24.025	17.498	18.645	32.573	0.06842	2.695	2.386	45.891
1711.25	73.902	8.5325	25.995	17.719	17.831	27.6855	0.055455	2.728	2.4175	42.9755
1711.5	71.809	8.614	30.375	17.158	17.11	23.107	0.04776	2.711	2.449	42.433
1711.75	70.1695	8.7075	32.5375	16.147	16.3955	23.4005	0.044815	2.7035	2.4745	43.5355
1712	68.988	8.774	34.472	15.389	15.58	24.804	0.04872	2.69	2.482	45.289
1712.25	68.543	8.82	43.004	15.148	15.013	23.271	0.057165	2.6675	2.4895	48.036
1712.5	67.962	8.908	66.105	15.26	15.07	19.882	0.06946	2.798	2.533	52.451
1712.75	67.177	8.9945	105.056	15.376	15.5735	17.668	0.088645	3.378	2.607	58.7265
1713	66.712	8.996	142.241	15.026	15.472	17.734	0.13448	4.222	2.653	65.447
1713.25	67.216	8.9785	156.1555	14.2265	14.299	18.3745	0.201495	4.742	2.637	69.866
1713.5	69.52	9.025	144.948	13.516	13.003	16.494	0.22653	4.582	2.591	70.443
1713.75	72.529	9.057	119.622	13.089	12.341	13.3455	0.19668	3.9475	2.544	67.7935
1714	73.597	9.014	92.11	12.712	12.154	13.193	0.17598	3.587	2.514	63.994
1714.25	72.5825	8.9875	72.181	12.472	12.13	16.377	0.15023	3.5905	2.4995	60.3605
1714.5	71.305	9.038	63.956	12.757	12.4	18.752	0.13778	3.554	2.495	57.647
1714.75	70.4285	9.1285	61.5265	13.6305	13.1695	18.5035	0.13225	3.4925	2.4975	55.9885
1715	70.017	9.176	59.554	14.671	14.204	18.696	0.12466	3.469	2.495	54.908
1715.25	70.51	9.157	61.79	15.7335	15.1165	20.5615	0.122845	3.5055	2.496	54.3635
1715.5	71.595	9.154	69.486	17.083	15.982	21.242	0.13204	3.512	2.506	54.828
1715.75	72.967	9.196	79.9285	18.8625	17.368	18.228	0.145585	3.5075	2.521	56.6715
1716	73.932	9.238	87.703	20.875	19.492	15.71	0.14111	3.535	2.547	59.052
1716.25	72.339	9.249	83.143	22.9865	22.019	18.27	0.113965	3.52	2.571	60.568
1716.5	68.625	9.24	69.049	25.033	24.126	27.59	0.0874	3.507	2.584	60.901
1716.75	65.2845	9.2425	59.96	26.5515	24.914	37.2245	0.07739	3.473	2.5875	60.78
1717	63.02	9.262	58.975	26.907	23.908	41.356	0.07581	3.349	2.594	60.719
1717.25	62.65	9.301	66.2405	25.698	21.892	33.003	0.085805	3.3325	2.5985	60.6915
1717.5	64.31	9.358	81.316	23.811	20.288	21.465	0.10859	3.327	2.581	60.172
1717.75	66.3115	9.41	92.0575	22.0965	19.328	18.0005	0.12637	3.644	2.5615	58.546
1718	67.811	9.439	92.337	20.954	18.959	18.458	0.12879	3.747	2.546	56.444
1718.25	69.031	9.4495	81.8515	20.6415	19.111	20.396	0.12226	3.53	2.517	54.5005
1718.5	69.9	9.456	66.925	21.032	19.458	23.817	0.11367	3.362	2.497	52.598
1718.75	70.2005	9.4565	56.3665	21.879	20.1865	28.6465	0.102625	3.254	2.493	50.678
1719	68.699	9.432	50.624	23.028	21.286	34.574	0.08852	2.888	2.493	49.11
1719.25	65.724	9.3925	50.194	24.6555	22.475	41.0225	0.07853	2.626	2.499	48.336
1719.5	63.72	9.377	55.268	26.871	23.901	45.796	0.08099	2.67	2.516	48.711
1719.75	62.9065	9.396	68.8505	29.896	26.004	43.445	0.09679	3.0095	2.5505	50.8575
1720	62.477	9.445	91.006	33.469	28.657	34.684	0.12806	3.669	2.588	54.154
1720.25	62.2615	9.484	108.4975	36.9785	31.6365	29.07	0.156915	4.369	2.5875	57.492
1720.5	61.67	9.496	110.703	40.144	35.171	31.183	0.16176	4.374	2.572	60.224
1720.75	60.2905	9.527	108.174	43.377	39.1075	41.469	0.1684	4.222	2.6015	62.204
1721	59.221	9.5	112.438	46.28	42.177	52.077	0.18273	4.248	2.657	63.613
1721.25	60.018	9.3975	118.404	47.7395	42.876	55.029	0.18764	4.272	2.682	64.5075
1721.5	61.915	9.337	121.279	48.826	42.328	53.382	0.18745	4.382	2.687	64.843
1721.75	62.8525	9.312	121.545	51.6085	44.252	46.6215	0.181185	4.483	2.6795	64.543
1722	62.794	9.28	118.186	55.622	49.605	43.563	0.16773	4.466	2.674	63.999
1722.25	61.763	9.2425	115.276	59.2635	54.8705	55.3205	0.154675	4.4475	2.6885	63.521
1722.5	60.878	9.215	117.01	62.848	57.028	81.259	0.14859	4.485	2.713	63.281
1722.75	62.035	9.2145	117.375	67.1135	58.015	95.859	0.146095	4.3485	2.726	63.022
1723	63.107	9.203	116.859	70.269	59.506	97.964	0.14333	4.32	2.723	62.434
1723.25	63.407	9.158	118.183	69.845	59.4545	98.527	0.14425	4.4665	2.7155	61.5805
1723.5	64.1	9.118	118.46	67.72	57.061	93.653	0.14711	4.586	2.704	60.523
1723.75	64.412	9.101	119.449	65.8325	53.5945	89.4095	0.15044	4.51	2.6945	59.372
1724	64.322	9.096	120.065	63.906	50.524	82.283	0.15613	4.404	2.698	58.344
1724.25	64.141	9.095	113.957	62.379	48.122	70.492	0.16161	4.333	2.693	57.446
1724.5	63.843	9.104	100.874	62.611	46.775	63.922	0.16099	4.216	2.663	56.48
1724.75	62.766	9.1175	90.613	65.092	49.662	64.956	0.157675	4.4715	2.643	55.5315
1725	60.432	9.09	93.957	69.621	57.212	74.575	0.15466	4.485	2.653	54.868
1725.25	58.191	9.0245	107.9125	75.7815	64.2895	96.395	0.14924	4.5235	2.681	54.325
1725.5	57.477	8.983	116.459	82.511	67.363	120.199	0.1438	4.458	2.707	53.595
1725.75	57.9375	8.975	118.258	89.5625	69.1745	135.525	0.141665	4.2605	2.718	52.6805
1726	58.853	8.979	120.739	95.808	71.888	151.949	0.13803	4.238	2.723	51.697
1726.25	59.263	8.9865	123.3755	99.835	75.2305	170.3075	0.1325	4.2135	2.735	50.9025
1726.5	58.925	9.006	124.349	100.949	77.43	191.657	0.12614	4.155	2.744	50.693
1726.75	58.8575	9.0475	122.8425	99.2835	76.7555	204.8725	0.124185	4.162	2.738	51.135
1727	59.04	9.093	120.618	95.976	73.885	182.197	0.12669	4.209	2.729	51.886
1727.25	59.2605	9.125	120.771	91.249	69.601	157.5485	0.129305	4.1605	2.717	52.8945
1727.5	59.497	9.162	121.559	85.38	64.909	153.313	0.1319	4.216	2.694	54.163
1727.75	59.694	9.2065	120.2015	80.4805	61.789	146.7135	0.133275	4.532	2.683	55.464
1728	60.041	9.23	118.098	77.065	60.615	129.898	0.12479	4.549	2.702	56.569
1728.25	60.2585	9.2415	117.6815	72.788	58.8885	122.1155	0.124935	4.462	2.7225	57.5515
1728.5	59.914	9.27	118.706	66.802	54.71	120.408	0.12608	4.304	2.72	58.509
1728.75	59.0625	9.3105	118.701	59.9555	48.7255	111.0755	0.125435	4.253	2.7095	59.5085
1729	58.029	9.359	116.153	52.678	42.1	96.461	0.12776	4.082	2.699	60.537
1729.25	56.6625	9.414	111.4065	45.5985	35.5	77.863	0.13262	4.0575	2.68	61.474
1729.5	56.244	9.428	109.267	39.831	30.046	48.213	0.14232	4.137	2.648	62.289
1729.75	58.693	9.4095	111.315	35.9005	26.976	30.988	0.15849	4.2425	2.6215	62.8745
1730	62.023	9.413	113.597	33.224	25.704	27.793	0.17109	4.268	2.613	63.013
1730.25	63.1515	9.445	115.3975	31.6025	25.176	31.565	0.176285	4.304	2.6105	62.718
1730.5	62.957	9.504	116.108	31.22	25.109	32.861	0.17871	4.412	2.615	62.609
1730.75	63.257	9.5595	113.7435	31.7845	25.5245	30.4355	0.181065	4.427	2.629	62.8385
1731	63.774	9.593	111.094	32.189	25.776	29.12	0.18046	4.403	2.634	62.925
1731.25	63.9265	9.613	109.8825	32.1825	25.5615	29.1685	0.1762	4.2815	2.639	62.616
1731.5	63.99	9.619	109.271	32.375	25.376	29.936	0.17345	4.191	2.651	61.924
1731.75	64.24	9.6185	109.1685	33.6845	26.2215	30.5535	0.173095	4.095	2.6545	61.084
1732	65.124	9.619	108.938	36.608	29.235	29.955	0.17109	4.035	2.644	60.294
1732.25	66.787	9.5855	109.195	40.885	34.232	32.0815	0.160485	3.988	2.647	59.4995
1732.5	67.294	9.515	111.173	45.708	38.807	42.812	0.14233	3.965	2.672	58.819
1732.75	66.071	9.4595	111.729	51.3445	42.275	65.1405	0.13088	3.9745	2.6975	58.133
1733	64.984	9.432	109.316	56.34	44.302	82.116	0.12984	3.959	2.705	57.336
1733.25	64.4525	9.3915	109.5775	56.835	43.0305	79.626	0.13061	4.005	2.7015	56.7335
1733.5	64.401	9.335	110.99	54.573	40.491	61.249	0.1307	4.351	2.704	56.241
1733.75	64.5785	9.276	109.818	52.732	39.8215	47.9705	0.127355	4.4135	2.706	55.605
1734	64.05	9.22	108.004	51.853	40.644	51.345	0.11986	4.376	2.701	54.822
1734.25	63.3595	9.196	108.359	53.1495	41.1745	70.9535	0.11774	4.4185	2.699	54.036
1734.5	62.789	9.194	113.368	58.089	41.75	77.059	0.12595	4.448	2.699	53.185
1734.75	61.028	9.176	119.1545	66.468	44.3275	63.204	0.142275	4.48	2.687	51.656
1735	58.812	9.151	119.194	75.737	49.922	62.391	0.1632	4.528	2.652	49.277
1735.25	58.169	9.125	119.7065	85.657	59.291	72.998	0.16274	4.7215	2.628	46.5325
1735.5	58.761	9.086	124.392	98.581	71.203	83.896	0.16589	4.786	2.646	43.685
1735.75	58.458	9.029	125.121	119.8485	82.1635	114.872	0.149425	4.717	2.685	40.861
1736	56.705	8.973	121.871	153.902	90.753	182.393	0.13561	4.712	2.714	38.336
1736.25	55.3185	8.938	120.2655	192.701	97.348	285.871	0.130355	4.6545	2.7225	35.861
1736.5	54.98	8.921	119.637	214.381	101.255	450.416	0.12459	4.659	2.716	33.423
1736.75	55.1395	8.9215	119.5465	210.232	100.6435	518.356	0.123915	4.5845	2.7115	31.455
1737	55.679	8.935	120.613	199.088	96.112	389.427	0.12678	4.804	2.699	30.008
1737.25	56.35	8.9495	122.254	195.5355	93.9075	302.287	0.12717	4.8245	2.6905	29.1085
1737.5	56.523	8.963	124.583	197.07	98.174	331.443	0.12524	4.868	2.704	28.771
1737.75	56.069	8.9895	124.7255	197.1895	106.045	579.263	0.123795	4.659	2.729	28.876
1738	55.53	9.021	123.433	197.465	109.964	1248.563	0.12469	4.322	2.737	29.01
1738.25	55.35	9.0375	122.047	199.245	107.8425	1873.9105	0.125895	4.203	2.7215	29.1145
1738.5	55.777	9.037	121.856	198.877	105.918	1671.719	0.12671	4.218	2.7	29.289
1738.75	56.8095	9.0205	123.52	198.7245	107.443	808.1315	0.12785	4.196	2.6965	29.4615
1739	57.698	8.984	124.324	198.772	108.247	525.807	0.12791	4.178	2.707	29.73
1739.25	57.897	8.9535	122.7285	196.4325	106.819	515.4995	0.126625	3.9895	2.7145	30.241
1739.5	57.809	8.945	120.451	195.339	106.213	622.861	0.12493	3.819	2.712	30.912
1739.75	58.354	8.9465	120.3055	195.427	105.12	653.177	0.12456	3.947	2.7025	31.694
1740	59.301	8.95	120.829	194.719	103.237	537.244	0.12494	4.487	2.703	32.658
1740.25	59.7345	8.9615	120.8725	193.139	101.5905	492.3945	0.125735	4.603	2.7165	33.6925
1740.5	59.672	8.984	121.307	192.943	100.325	539.225	0.12766	4.471	2.732	34.501
1740.75	59.354	9.0075	122.6135	194.3265	100.3045	585.091	0.12986	4.418	2.7405	35.1965
1741	58.951	9.017	123.211	190.296	98.755	596.789	0.13137	4.34	2.741	35.987
1741.25	58.715	9.022	123.011	177.905	92.088	566.4335	0.13149	4.149	2.74	36.6915
1741.5	58.886	9.044	122.114	166.533	83.789	411.049	0.13302	4.077	2.728	37.299
1741.75	59.671	9.0935	117.817	159.0335	80.015	268.86	0.13365	4.156	2.697	37.869
1742	60.434	9.132	112.21	149.641	80.552	204.301	0.1308	4.194	2.667	38.25
1742.25	59.9125	9.1465	109.0685	140.2475	80.0155	199.5675	0.13348	4.2	2.6585	38.269
1742.5	58.848	9.187	109.379	137.555	78.961	231.738	0.13223	4.191	2.677	38.055
1742.75	58.583	9.2195	111.9475	143.028	81.847	242.669	0.131755	4.175	2.6915	37.7155
1743	58.799	9.185	113.382	146.051	83.915	233.251	0.1322	4.181	2.687	37.253
1743.25	59.3125	9.1315	115.075	140.879	79.8475	247.689	0.12797	4.1965	2.6925	36.8325
1743.5	59.526	9.109	118.391	135.084	75.17	260.187	0.12459	4.213	2.722	36.574
1743.75	59.362	9.117	119.987	131.2085	72.241	232.487	0.12799	4.2315	2.74	36.5435
1744	59.816	9.13	117.834	129.387	71.772	193.556	0.13108	4.233	2.696	36.719
1744.25	60.3775	9.111	113.8675	129.886	75.3	179.902	0.134465	4.232	2.632	36.99
1744.5	60.233	9.018	111.655	131.117	80.98	191.758	0.13606	4.227	2.631	37.226
1744.75	59.3495	8.865	108.595	136.278	85.3285	224.399	0.12598	4.239	2.6735	37.4185
1745	58.352	8.777	105.164	150.008	85.095	258.522	0.11838	4.347	2.683	37.65
1745.25	58.2365	8.8175	105.718	170.379	84.4885	243.8745	0.121985	4.501	2.669	37.7775
1745.5	59	8.872	109.257	186.821	87.523	211.357	0.13347	4.523	2.665	37.649
1745.75	59.677	8.86	111.698	187.899	88.596	213.707	0.13213	4.5	2.6715	37.3985
1746	59.323	8.842	111.559	185.618	85.614	242.547	0.12607	4.181	2.688	37.364
1746.25	58.426	8.881	110.854	189.8435	84.8785	280.598	0.123355	4.2965	2.7035	37.748
1746.5	57.641	8.932	110.244	189.1	86.457	293.515	0.12493	4.322	2.712	38.21
1746.75	56.862	8.946	110.9965	174.4725	84.433	232.7115	0.13239	4.33	2.705	38.4255
1747	57.211	8.953	114.324	157.397	79.357	164.843	0.14577	4.496	2.683	38.561
1747.25	58.7745	8.989	117.674	149.945	78.1195	139.5495	0.158015	4.6285	2.657	38.8485
1747.5	59.465	9.032	119.078	149.343	82.068	154.25	0.15997	4.573	2.666	39.315
1747.75	58.8065	9.024	120.8415	152.727	88.86	201.788	0.15379	4.128	2.709	39.7
1748	58.73	8.956	121.099	160.47	96.566	236.398	0.1507	3.603	2.731	39.814
1748.25	59.751	8.8325	119.5275	169.3465	102.1025	247.0165	0.150755	3.7285	2.7255	39.8645
1748.5	60.364	8.704	120.176	177.115	102.689	276.814	0.14885	4.218	2.722	39.961
1748.75	60.05	8.646	120.432	185.9215	100.0815	346.5825	0.14737	4.309	2.7235	39.891
1749	59.487	8.645	119.136	192.888	98.515	424.163	0.14432	4.237	2.723	39.755
1749.25	59.375	8.658	119.586	193.352	98.809	381.6895	0.141935	4.271	2.7105	39.7835
1749.5	59.925	8.646	122.267	187.96	99.43	313.53	0.14443	4.289	2.704	39.966
1749.75	60.67	8.6005	125.047	180.515	99.043	335.4345	0.145825	4.2825	2.712	40.4635
1750	60.254	8.566	123.735	170.114	95.733	421.132	0.14206	4.313	2.719	41.332
1750.25	59.5045	8.563	120.3775	155.3915	87.7735	368.942	0.14185	4.3485	2.717	42.457
1750.5	60.244	8.574	121.008	139.5	78.902	207.944	0.14676	4.344	2.704	43.74
1750.75	61.296	8.577	122.371	121.8905	72.814	142.5675	0.149575	4.325	2.6925	44.9315
1751	61.099	8.574	122.015	106.413	68.541	136.807	0.14777	4.289	2.692	45.651
1751.25	59.669	8.5895	122.4335	99.5675	66.5125	149.2715	0.14374	4.3325	2.7	45.883
1751.5	57.956	8.61	122.614	100.855	70.115	154.027	0.13987	4.618	2.704	45.779
1751.75	57.1975	8.5995	120.0545	107.014	80.047	187.051	0.134995	4.699	2.6945	45.151
1752	57.097	8.568	112.823	114.924	87.862	284.331	0.12869	4.732	2.686	44.023
1752.25	56.752	8.5595	107.301	124.11	87.7795	403.959	0.121805	4.723	2.684	42.4665
1752.5	56.512	8.595	107.07	134.106	86.311	480.681	0.11224	4.699	2.686	40.82
1752.75	56.6795	8.676	105.517	143.244	86.813	510.5475	0.10468	4.6175	2.691	39.587
1753	57.151	8.773	101.362	146.836	87.109	444.188	0.10235	4.359	2.688	38.794
1753.25	57.8435	8.862	97.4935	142.4255	84.9595	366.168	0.105	4.234	2.677	38.463
1753.5	58.393	8.935	96.973	137.395	81.567	332.565	0.10822	4.288	2.667	38.66
1753.75	58.421	8.985	96.069	130.82	76.605	313.075	0.10697	4.264	2.653	39.3295
1754	58.262	9.047	93.562	118.17	69.542	238.133	0.10614	4.247	2.63	40.238
1754.25	58.717	9.1095	94.508	104.04	63.424	141.252	0.11208	4.209	2.6135	41.1255
1754.5	59.572	9.079	97.623	92.796	59.588	93.841	0.12135	4.149	2.62	41.773
1754.75	59.589	8.95	99.6065	86.074	57.4145	87.559	0.12366	4.088	2.6505	42.1685
1755	59.158	8.867	98.79	85.097	56.756	105.93	0.11868	4.036	2.674	42.434
1755.25	59.2595	8.825	96.8715	90.4405	57.3805	132.715	0.11362	4.0215	2.6795	42.2505
1755.5	59.782	8.756	96.467	97.843	58.012	136.2	0.11038	4.009	2.683	41.466
1755.75	60.167	8.7465	96.2705	103.512	60.313	124.361	0.10433	4.063	2.684	40.273
1756	59.822	8.774	90.841	108.293	65.941	140.686	0.09324	4.222	2.684	38.692
1756.25	59.1755	8.7475	82.5775	113.7935	69.9085	204.4325	0.08319	3.869	2.681	36.7445
1756.5	59.095	8.689	79.703	121.667	69.981	235.18	0.08025	3.323	2.674	34.909
1756.75	59.031	8.6365	81.34	129.44	70.532	207.4185	0.08076	3.363	2.669	33.624
1757	58.513	8.605	82.015	131.71	70.892	192.922	0.07942	3.493	2.662	32.976
1757.25	58.217	8.607	82.9325	129.0025	71.166	181.222	0.077175	3.5165	2.6545	32.89
1757.5	58.409	8.602	85.278	127.231	72.629	178.185	0.07867	3.579	2.65	33.031
1757.75	58.625	8.5925	86.875	130.272	74.8925	200.1075	0.080135	3.646	2.6495	33.609
1758	57.927	8.605	86.788	133.417	78.716	243.937	0.08029	3.785	2.66	34.731
1758.25	57.026	8.6455	87.842	130.7135	79.6095	289.1745	0.085475	3.917	2.679	35.9545
1758.5	57.754	8.736	97.662	125.889	75.57	213.263	0.09915	3.988	2.697	37.239
1758.75	59.5685	8.8245	111.232	122.6875	73.4285	141.287	0.115835	4.1835	2.7075	38.556
1759	59.782	8.817	114.68	120.254	74.357	130.132	0.12955	4.476	2.707	39.496
1759.25	58.413	8.7055	108.6115	119.293	74.8695	155.4155	0.130365	4.5955	2.6995	39.8195
1759.5	57.845	8.632	101.287	120.202	73.871	180.775	0.11588	4.478	2.692	39.71
1759.75	57.612	8.7075	93.7065	121.548	71.94	191.143	0.114025	4.074	2.6725	39.3965
1760	56.859	8.853	89.546	120.477	71.28	195.443	0.10523	3.694	2.641	39.009
1760.25	56.6305	8.963	96.4115	118.4905	72.921	165.7155	0.10552	3.66	2.6285	38.9175
1760.5	57.521	9.027	109.889	116.983	73.394	147.504	0.12175	3.755	2.655	39.375
1760.75	58.5215	9.1095	120.1095	114.869	71.906	161.055	0.14462	3.803	2.693	40.025
1761	58.462	9.226	124.29	115.256	72.161	162.299	0.15591	3.874	2.714	40.378
1761.25	57.53	9.278	124.048	119.058	74.6405	149.176	0.157015	3.9855	2.7195	40.502
1761.5	56.307	9.221	123.133	120.219	75.667	149.219	0.16237	4.123	2.722	40.612
1761.75	55.0345	9.1815	122.3345	115.726	73.9085	148.5435	0.1615	4.227	2.718	40.568
1762	54.374	9.227	120.936	112.136	73.56	132.117	0.16157	4.288	2.703	40.023
1762.25	54.417	9.228	118.902	113.325	76.5135	123.554	0.150275	4.345	2.6925	38.5405
1762.5	54.062	9.073	115.436	115.323	79.191	148.632	0.14154	4.414	2.691	36.357
1762.75	53.268	8.826	112.272	116.07	79.8055	199.578	0.131845	4.492	2.696	34.1355
1763	53.182	8.666	111.904	119.98	81.224	202.056	0.11655	4.384	2.707	32.3
1763.25	53.8035	8.6075	112.5105	127.764	85.037	176.049	0.1096	3.8945	2.7085	30.782
1763.5	54.186	8.576	108.049	134.371	87.901	159.441	0.09276	3.494	2.694	29.203
1763.75	53.844	8.559	90.3435	135.9085	85.8495	171.625	0.067635	3.2755	2.677	27.5205
1764	53.177	8.55	63.742	133.323	82.316	303.966	0.04168	2.693	2.657	26.228
1764.25	53.086	8.5605	50.228	127.503	77.2285	771.272	0.027685	2.194	2.6405	25.459
1764.5	54.302	8.581	58.691	120.503	68.413	310.767	0.03137	2.359	2.633	24.971
1764.75	56.412	8.582	76.6825	112.726	63.6075	141.834	0.045765	2.887	2.631	24.977
1765	57.647	8.55	89.993	104.628	64.067	113.954	0.0633	3.151	2.63	25.518
1765.25	57.246	8.5435	91.413	98.2165	66.1925	127.1065	0.075315	3.21	2.635	26.173
1765.5	56.315	8.572	85.309	94.514	68.255	157.774	0.07234	3.294	2.648	26.619
1765.75	55.73	8.5705	79.587	93.9615	68.588	206.137	0.06399	3.3275	2.663	27.1045
1766	55.537	8.558	76.761	94.963	67.596	233.701	0.05979	3.316	2.672	27.781
1766.25	55.613	8.5735	73.4705	95.912	66.85	232.486	0.05204	3.214	2.6555	28.6105
1766.5	55.564	8.583	62.36	95.855	67.641	287.893	0.03995	3.179	2.619	29.519
1766.75	54.662	8.5725	47.73	96.241	70.257	487.625	0.031385	3.1685	2.5995	30.348
1767	53.764	-999.25	46.287	98.921	73.452	565.266	0.02988	3.188	2.609	31.185
1767.25	54.245	-999.25	63.2505	102.3655	75	388.347	0.039495	3.351	2.6335	32.653
1767.5	55.525	-999.25	87.084	105.369	74.336	250.977	0.06411	3.79	2.673	35.123
1767.75	57.1315	-999.25	108.487	109.4645	74.067	177.6605	0.0998	4.3085	2.7085	37.952
1768	58.383	-999.25	122.678	114.806	75.612	171.817	0.13464	4.679	2.722	40.246
1768.25	58.376	-999.25	126.299	119.987	76.108	217.617	0.151515	4.819	2.7285	42.0795
1768.5	58.17	-999.25	125.233	120.943	72.602	225.793	0.14931	4.728	2.725	43.881
1768.75	58.6175	-999.25	124.053	114.4015	66.379	160.3105	0.15558	4.531	2.717	45.4535
1769	59.418	-999.25	123.531	104.584	60.18	112.631	0.17135	4.454	2.704	46.458
1769.25	60.846	-999.25	123.175	98.342	56.5895	93.621	0.18007	4.392	2.6835	46.699
1769.5	62.647	-999.25	120.441	98.456	58.374	89.389	0.18007	4.243	2.661	46.261
1769.75	63.364	-999.25	120.1735	106.6185	66.5235	99.775	0.1752	4.2065	2.6525	45.343
1770	62.1	-999.25	-999.25	124.276	77.982	137.096	0.16685	4.22	2.673	44.13
1770.25	59.7325	-999.25	-999.25	150.343	89.035	233.5825	0.15481	4.265	2.6955	42.61
1770.5	57.964	-999.25	-999.25	176.259	97.272	377.166	0.14568	4.37	2.698	40.908
1770.75	57.204	-999.25	-999.25	194.78	103.062	457.564	0.14397	4.6835	2.696	39.2005
1771	56.874	-999.25	-999.25	202.482	106.712	476.504	0.14406	4.783	2.694	37.705
1771.25	56.7685	-999.25	-999.25	203.026	107.2195	503.9815	0.143325	4.8025	2.6945	36.5545
1771.5	56.925	-999.25	-999.25	203.315	106.406	519.497	0.14353	4.854	2.698	35.837
1771.75	57.3535	-999.25	-999.25	199.7615	105.5915	508.608	0.14383	4.9325	2.698	35.8085
1772	57.773	-999.25	-999.25	192.483	104.253	476.081	0.1437	5.102	2.702	36.303
1772.25	57.902	-999.25	-999.25	184.0065	98.648	444.593	0.14354	4.9135	2.716	36.9795
1772.5	57.771	-999.25	-999.25	171.417	90.551	439.029	0.14489	4.154	2.727	37.788
1772.75	57.89	-999.25	-999.25	157.753	83.4525	365.9415	0.1456	3.7265	2.7275	38.841
1773	58.659	-999.25	-999.25	149.443	78.736	237.147	0.14236	3.98	2.719	40.029
1773.25	59.5495	-999.25	-999.25	144.9965	77.694	181.481	0.135585	4.1605	2.703	41.189
1773.5	59.768	-999.25	-999.25	140.093	77.432	173.3	0.1307	4.239	2.696	42.171
1773.75	59.381	-999.25	-999.25	136.037	74.9465	170.0615	0.13563	4.339	2.702	43.048
1774	59.16	-999.25	-999.25	133.972	71.557	171.694	0.14602	4.303	2.711	43.936
1774.25	59.1185	-999.25	-999.25	133.653	70.9345	185.8275	0.158015	4.2615	2.717	44.54
1774.5	59.023	-999.25	-999.25	136.331	74.351	199.67	0.16588	4.217	2.721	44.642
1774.75	58.985	-999.25	-999.25	140.6195	80.173	217.541	0.165015	4.201	2.726	44.3135
1775	58.82	-999.25	-999.25	145.559	85.201	237.649	0.16	4.19	2.73	43.759
1775.25	58.6115	-999.25	-999.25	152.4315	86.089	236.7605	0.15511	4.2045	2.729	43.1415
1775.5	58.703	-999.25	-999.25	155.159	82.972	214.371	0.15381	4.267	2.722	42.712
1775.75	59.0335	-999.25	-999.25	149.944	79.698	204.2855	0.156425	4.404	2.7215	42.461
1776	59.16	-999.25	-999.25	143.547	77.048	209.746	0.16271	4.03	2.729	42.153
1776.25	59.1425	-999.25	-999.25	139.664	74.811	195.793	0.172515	3.793	2.7255	42.032
1776.5	59.446	-999.25	-999.25	137.69	75.693	175.24	0.17871	3.874	2.723	42.358
1776.75	59.718	-999.25	-999.25	138.0165	78.7045	192.517	0.17719	4.0065	2.729	42.911
1777	-999.25	-999.25	-999.25	139.053	80.596	233.629	0.17428	4.164	2.727	43.148
1777.25	-999.25	-999.25	-999.25	142.0995	81.7085	239.573	0.170145	4.256	2.7165	43.0435
1777.5	-999.25	-999.25	-999.25	148.643	81.375	239.8	0.16434	4.293	2.713	43.002
1777.75	-999.25	-999.25	-999.25	149.9775	79.371	238.6635	0.16102	4.3365	2.713	43.076
1778	-999.25	-999.25	-999.25	141.835	77.292	205.355	0.15964	4.349	2.71	43.162
1778.25	-999.25	-999.25	-999.25	135.5335	74.2765	173.1	0.155585	4.295	2.695	43.06
1778.5	-999.25	-999.25	-999.25	136.479	72.412	160.591	0.14964	4.283	2.676	42.938
1778.75	-999.25	-999.25	-999.25	137.8	74.728	177.3085	0.145705	4.283	2.672	42.9415
1779	-999.25	-999.25	-999.25	137.762	78.316	213.08	0.14092	4.128	2.681	42.866
1779.25	-999.25	-999.25	-999.25	140.8415	80.042	213.829	0.136815	4.1135	2.6895	42.823
1779.5	-999.25	-999.25	-999.25	144.014	80.94	203.572	0.13466	4.15	2.697	42.861
1779.75	-999.25	-999.25	-999.25	143.3705	80.9415	218.7155	0.14053	4.2015	2.711	42.7755
1780	-999.25	-999.25	-999.25	143.166	80.493	223.781	0.14414	4.11	2.723	42.826
1780.25	-999.25	-999.25	-999.25	143.915	80.905	215.4735	0.142605	3.81	2.7235	43.232
1780.5	-999.25	-999.25	-999.25	141.26	80.627	229.115	0.13879	3.689	2.721	43.796
1780.75	-999.25	-999.25	-999.25	137.1305	78.368	232.4125	0.137455	3.6745	2.7225	44.422
1781	-999.25	-999.25	-999.25	135.003	74.53	202.913	0.14013	3.672	2.725	44.858
1781.25	-999.25	-999.25	-999.25	130.3465	71.0395	193.477	0.14457	3.732	2.715	44.9705
1781.5	-999.25	-999.25	-999.25	120.32	67.685	188.022	0.14624	3.888	2.697	45.117
1781.75	-999.25	-999.25	-999.25	112.4565	64.777	159.06	0.145495	4.0795	2.6885	45.3965
1782	-999.25	-999.25	-999.25	109.812	65.079	148.518	0.14714	4.115	2.691	45.611
1782.25	-999.25	-999.25	-999.25	110.839	68.263	171.753	-999.25	4.1375	2.696	45.894
1782.5	-999.25	-999.25	-999.25	114.466	71.545	196.671	-999.25	4.13	2.701	46.05
1782.75	-999.25	-999.25	-999.25	117.301	72.8555	183.483	-999.25	4.108	2.7045	45.8205
1783	-999.25	-999.25	-999.25	116.677	70.219	155.975	-999.25	4.126	2.702	45.698
1783.25	-999.25	-999.25	-999.25	115.09	66.7275	145.48	-999.25	4.142	2.697	45.7875
1783.5	-999.25	-999.25	-999.25	115.166	66.763	156.758	-999.25	4.138	2.698	45.752
1783.75	-999.25	-999.25	-999.25	118.768	68.9215	177.1565	-999.25	4.111	2.7085	45.9685
1784	-999.25	-999.25	-999.25	124.8	69.98	193.294	-999.25	4.094	2.721	46.483
1784.25	-999.25	-999.25	-999.25	130.4475	70.7435	201.192	-999.25	4.1235	2.7245	46.68
1784.5	-999.25	-999.25	-999.25	136.067	73.425	207.199	-999.25	4.104	2.717	46.699
1784.75	-999.25	-999.25	-999.25	142.662	76.794	210.744	-999.25	4.048	2.7105	47.015
1785	-999.25	-999.25	-999.25	148.361	79.119	204.433	-999.25	3.995	2.711	47.633
1785.25	-999.25	-999.25	-999.25	151.923	81.666	212.031	-999.25	3.9245	2.7145	48.108
1785.5	-999.25	-999.25	-999.25	154.319	85.297	240.265	-999.25	3.871	2.714	48.178
1785.75	-999.25	-999.25	-999.25	154.37	89.4765	267.86	-999.25	3.864	2.714	47.948
1786	-999.25	-999.25	-999.25	153.143	93.594	295.945	-999.25	3.912	2.727	47.604
1786.25	-999.25	-999.25	-999.25	151.645	96.5125	344.0665	-999.25	4.0815	2.7485	47.4155
1786.5	-999.25	-999.25	-999.25	150.309	97.399	416.826	-999.25	3.789	2.764	47.137
1786.75	-999.25	-999.25	-999.25	150.192	97.388	536.538	-999.25	3.106	2.761	46.5945
1787	-999.25	-999.25	-999.25	-999.25	-999.25	-999.25	-999.25	3.019	2.737	-999.25
1787.25	-999.25	-999.25	-999.25	-999.25	-999.25	-999.25	-999.25	3.602	2.7105	-999.25
1787.5	-999.25	-999.25	-999.25	-999.25	-999.25	-999.25	-999.25	-999.25	1.7	-999.25
